30000.0 2.0 1.0 1.0 0.0 0.0 0.0 0.0 0.0 0.0 33494.0 32978.0 32415.0 30324.0 31124.0 25502.0 2506.0 2430.0 1300.0 1000.0 34436.0 950.0 1.0 
160000.0 1.0 1.0 2.0 4.0 3.0 2.0 2.0 3.0 2.0 99340.0 96860.0 99911.0 103928.0 101540.0 99587.0 0.0 5500.0 6700.0 0.0 27.0 2800.0 1.0 
190000.0 1.0 1.0 1.0 2.0 2.0 2.0 2.0 2.0 2.0 36137.0 37143.0 38051.0 38827.0 39488.0 40208.0 1900.0 1800.0 1700.0 1600.0 1500.0 1600.0 1.0 
140000.0 2.0 1.0 2.0 0.0 0.0 0.0 0.0 0.0 0.0 31.0 1272.0 1446.0 2880.0 1914.0 968.0 2000.0 1500.0 3000.0 1914.0 0.0 3287.0 1.0 
200000.0 2.0 1.0 3.0 0.0 0.0 0.0 0.0 0.0 0.0 1992.0 8287.0 9427.0 2040.0 16338.0 2076.0 8290.0 9427.0 2240.0 16000.0 2076.0 833.0 0.0 
140000.0 1.0 0.0 1.0 0.0 0.0 0.0 0.0 0.0 0.0 140456.0 125288.0 117263.0 77496.0 79815.0 77911.0 5200.0 5006.0 5000.0 5000.0 3000.0 5000.0 0.0 
130000.0 1.0 1.0 2.0 2.0 2.0 0.0 0.0 0.0 0.0 134836.0 128038.0 126862.0 97925.0 100484.0 54125.0 0.0 5000.0 3500.0 4055.0 10000.0 50000.0 1.0 
110000.0 2.0 1.0 1.0 1.0 2.0 0.0 0.0 0.0 0.0 42867.0 41901.0 44126.0 43483.0 43435.0 41010.0 0.0 3000.0 2000.0 2000.0 2000.0 3600.0 1.0 
200000.0 1.0 1.0 1.0 1.0 0.0 0.0 0.0 0.0 0.0 0.0 479.0 0.0 0.0 0.0 0.0 479.0 0.0 0.0 0.0 0.0 0.0 1.0 
200000.0 2.0 1.0 2.0 0.0 0.0 2.0 0.0 0.0 0.0 184.0 2250.0 823.0 823.0 -658.0 1266.0 2250.0 0.0 0.0 0.0 1924.0 0.0 1.0 
240000.0 1.0 1.0 2.0 0.0 0.0 0.0 0.0 0.0 0.0 243774.0 242529.0 242079.0 243114.0 213930.0 219009.0 8891.0 12350.0 15969.0 7968.0 8700.0 17500.0 0.0 
500000.0 1.0 1.0 1.0 2.0 2.0 2.0 0.0 0.0 2.0 267116.0 271396.0 265433.0 270868.0 285667.0 290318.0 10100.0 0.0 9932.0 19502.0 9600.0 10031.0 1.0 
240000.0 2.0 1.0 2.0 0.0 0.0 0.0 0.0 0.0 0.0 28438.0 29923.0 7655.0 23918.0 265852.0 2225.0 29923.0 7655.0 23925.0 265852.0 2225.0 13478.0 0.0 
150000.0 2.0 1.0 2.0 0.0 0.0 0.0 0.0 0.0 0.0 1551.0 2961.0 4175.0 1707.0 4492.0 6149.0 2990.0 4175.0 1707.0 4492.0 6149.0 34672.0 1.0 
280000.0 2.0 1.0 1.0 1.0 0.0 0.0 0.0 0.0 0.0 0.0 4051.0 1196.0 19875.0 599.0 850.0 4051.0 1245.0 19875.0 599.0 850.0 185.0 1.0 
140000.0 2.0 1.0 2.0 2.0 0.0 0.0 2.0 2.0 2.0 103181.0 107446.0 125702.0 124182.0 124155.0 137176.0 6000.0 20000.0 2000.0 3500.0 15000.0 6000.0 1.0 
200000.0 2.0 0.0 1.0 0.0 0.0 0.0 0.0 0.0 2.0 60473.0 151786.0 109495.0 13785.0 22173.0 10482.0 101796.0 29894.0 13943.0 21865.0 0.0 26218.0 0.0 
560000.0 2.0 1.0 2.0 0.0 0.0 0.0 0.0 0.0 0.0 68199.0 31211.0 23991.0 15488.0 12579.0 11400.0 1548.0 1446.0 14720.0 427.0 1000.0 300.0 0.0 
60000.0 1.0 0.0 2.0 0.0 0.0 0.0 0.0 0.0 0.0 22460.0 23592.0 24665.0 26305.0 23756.0 25353.0 1500.0 1500.0 2000.0 1500.0 2000.0 2000.0 0.0 
160000.0 2.0 1.0 1.0 1.0 0.0 0.0 0.0 0.0 0.0 0.0 0.0 0.0 0.0 0.0 0.0 0.0 0.0 0.0 0.0 0.0 1404.0 1.0 
70000.0 2.0 1.0 1.0 0.0 0.0 0.0 0.0 0.0 0.0 54801.0 52714.0 18596.0 9760.0 0.0 0.0 5336.0 1268.0 1052.0 0.0 0.0 0.0 0.0 
120000.0 2.0 1.0 1.0 1.0 2.0 0.0 0.0 0.0 0.0 126412.0 120812.0 121895.0 121208.0 121678.0 122067.0 0.0 4600.0 4512.0 4600.0 4600.0 5200.0 1.0 
50000.0 2.0 1.0 2.0 2.0 2.0 2.0 2.0 2.0 0.0 47068.0 46010.0 49333.0 49708.0 45112.0 42063.0 0.0 4070.0 1551.0 0.0 1528.0 3273.0 1.0 
30000.0 1.0 1.0 1.0 1.0 2.0 0.0 0.0 0.0 0.0 14110.0 13591.0 14309.0 15320.0 15774.0 15950.0 0.0 1244.0 1255.0 709.0 578.0 741.0 1.0 
120000.0 1.0 1.0 2.0 0.0 0.0 0.0 0.0 0.0 0.0 120942.0 118576.0 118240.0 116142.0 115087.0 117647.0 4585.0 5923.0 4533.0 4200.0 4433.0 4241.0 0.0 
60000.0 1.0 0.0 2.0 0.0 0.0 0.0 0.0 0.0 0.0 57505.0 51934.0 40855.0 37742.0 29450.0 8850.0 1800.0 2000.0 2000.0 1400.0 200.0 600.0 0.0 
280000.0 2.0 1.0 1.0 2.0 2.0 2.0 2.0 0.0 0.0 106341.0 108711.0 111510.0 108253.0 109065.0 111447.0 5600.0 6000.0 0.0 4100.0 4300.0 4300.0 1.0 
480000.0 2.0 0.0 1.0 0.0 0.0 0.0 0.0 0.0 0.0 19311.0 13368.0 7000.0 7331.0 7000.0 7000.0 1368.0 1000.0 7331.0 7000.0 7000.0 7000.0 0.0 
60000.0 1.0 1.0 1.0 2.0 2.0 2.0 0.0 0.0 0.0 59310.0 60482.0 58748.0 49375.0 38433.0 38378.0 2700.0 0.0 2100.0 1600.0 1600.0 1600.0 1.0 
120000.0 2.0 1.0 1.0 0.0 0.0 0.0 0.0 0.0 0.0 7778.0 3157.0 5456.0 0.0 2777.0 0.0 3179.0 5463.0 0.0 2777.0 0.0 0.0 0.0 
200000.0 2.0 1.0 2.0 0.0 0.0 0.0 2.0 2.0 0.0 4571.0 0.0 2983.0 2780.0 0.0 0.0 0.0 2983.0 0.0 0.0 0.0 3125.0 0.0 
20000.0 1.0 1.0 2.0 3.0 2.0 2.0 7.0 7.0 6.0 2400.0 2400.0 2400.0 2400.0 2400.0 1800.0 0.0 0.0 0.0 0.0 0.0 0.0 1.0 
30000.0 2.0 1.0 1.0 0.0 0.0 0.0 0.0 0.0 0.0 7979.0 8301.0 9156.0 8983.0 8141.0 6422.0 1149.0 1191.0 1079.0 239.0 209.0 206.0 0.0 
420000.0 2.0 1.0 2.0 0.0 0.0 0.0 0.0 0.0 0.0 233413.0 241503.0 277447.0 287781.0 294010.0 319257.0 12000.0 40000.0 15000.0 11000.0 30000.0 15000.0 0.0 
20000.0 1.0 1.0 2.0 3.0 2.0 2.0 3.0 2.0 2.0 17710.0 17137.0 19830.0 19240.0 18419.0 20126.0 0.0 3000.0 0.0 0.0 2000.0 0.0 1.0 
140000.0 2.0 1.0 2.0 0.0 0.0 0.0 0.0 0.0 0.0 7921.0 9268.0 3943.0 7737.0 2456.0 15507.0 9268.0 3953.0 7737.0 2456.0 15507.0 0.0 0.0 
560000.0 1.0 1.0 1.0 0.0 0.0 2.0 2.0 0.0 0.0 13432.0 12762.0 7077.0 3416.0 3416.0 416.0 3300.0 1416.0 0.0 3416.0 416.0 3416.0 0.0 
20000.0 1.0 1.0 1.0 3.0 2.0 2.0 2.0 0.0 0.0 13139.0 12636.0 15212.0 14675.0 14835.0 15047.0 0.0 3100.0 0.0 700.0 600.0 2000.0 1.0 
160000.0 1.0 1.0 1.0 0.0 0.0 0.0 2.0 2.0 2.0 1380.0 1481.0 2623.0 2457.0 4912.0 3669.0 1331.0 2473.0 0.0 2500.0 0.0 0.0 1.0 
80000.0 2.0 1.0 1.0 0.0 2.0 0.0 0.0 0.0 0.0 2222.0 390.0 390.0 390.0 721.0 331.0 0.0 390.0 390.0 721.0 0.0 461.0 0.0 
230000.0 2.0 1.0 1.0 1.0 0.0 0.0 0.0 0.0 0.0 0.0 0.0 0.0 1990.0 0.0 0.0 0.0 0.0 1990.0 0.0 0.0 0.0 1.0 
120000.0 2.0 1.0 1.0 0.0 0.0 0.0 0.0 0.0 0.0 26476.0 21393.0 0.0 0.0 0.0 0.0 6000.0 0.0 0.0 0.0 0.0 0.0 0.0 
200000.0 2.0 1.0 1.0 1.0 2.0 2.0 0.0 0.0 2.0 30783.0 33017.0 30413.0 32582.0 34727.0 36036.0 3058.0 0.0 3000.0 3000.0 2002.0 0.0 1.0 
210000.0 1.0 1.0 1.0 2.0 2.0 2.0 2.0 2.0 0.0 151258.0 141669.0 134301.0 124218.0 110114.0 101559.0 5000.0 7000.0 4200.0 0.0 4000.0 6500.0 1.0 
100000.0 2.0 1.0 1.0 2.0 2.0 2.0 2.0 2.0 2.0 44078.0 45077.0 47837.0 48678.0 48420.0 48888.0 2000.0 3841.0 1900.0 1900.0 1800.0 2000.0 1.0 
200000.0 1.0 1.0 2.0 0.0 0.0 0.0 0.0 2.0 0.0 176642.0 180421.0 185722.0 196732.0 188930.0 192647.0 7000.0 8500.0 16000.0 0.0 7500.0 15000.0 0.0 
180000.0 2.0 1.0 2.0 2.0 2.0 0.0 0.0 2.0 2.0 153198.0 151128.0 152785.0 168657.0 165872.0 173667.0 1813.0 5667.0 18483.0 0.0 11000.0 1842.0 1.0 
50000.0 2.0 1.0 2.0 0.0 0.0 0.0 0.0 0.0 0.0 18975.0 19763.0 21081.0 21432.0 21933.0 22569.0 1400.0 1649.0 1000.0 1000.0 1000.0 1200.0 0.0 
30000.0 2.0 0.0 2.0 2.0 2.0 0.0 2.0 0.0 0.0 19830.0 15915.0 1736.0 1170.0 780.0 780.0 0.0 1736.0 0.0 0.0 0.0 0.0 1.0 
240000.0 1.0 1.0 1.0 0.0 0.0 0.0 0.0 0.0 0.0 194548.0 198522.0 206312.0 205804.0 122740.0 137740.0 7200.0 11000.0 6000.0 3000.0 15000.0 45.0 0.0 
50000.0 2.0 0.0 2.0 2.0 2.0 0.0 0.0 2.0 0.0 20039.0 19369.0 16586.0 18696.0 18100.0 18475.0 0.0 1280.0 2390.0 0.0 816.0 688.0 1.0 
60000.0 1.0 1.0 2.0 0.0 0.0 2.0 0.0 0.0 0.0 440.0 880.0 440.0 880.0 440.0 1681.0 880.0 0.0 880.0 0.0 1681.0 811.0 0.0 
280000.0 1.0 1.0 1.0 1.0 0.0 0.0 0.0 0.0 0.0 0.0 0.0 0.0 0.0 0.0 0.0 0.0 0.0 0.0 0.0 0.0 0.0 1.0 
30000.0 2.0 0.0 2.0 0.0 0.0 2.0 2.0 0.0 0.0 26280.0 28952.0 29482.0 28712.0 29311.0 30065.0 3420.0 1300.0 0.0 1210.0 1391.0 665.0 0.0 
120000.0 2.0 0.0 2.0 0.0 0.0 0.0 0.0 0.0 0.0 22492.0 -2018.0 -718.0 1282.0 81988.0 83665.0 1534.0 1300.0 2000.0 81899.0 3200.0 4000.0 0.0 
70000.0 2.0 1.0 2.0 0.0 0.0 0.0 0.0 0.0 0.0 68969.0 67682.0 68448.0 69316.0 29083.0 28140.0 3200.0 3600.0 3075.0 1204.0 1200.0 1046.0 0.0 
10000.0 1.0 1.0 2.0 0.0 0.0 0.0 0.0 0.0 0.0 8602.0 8728.0 9721.0 9609.0 9503.0 9771.0 1158.0 1151.0 339.0 344.0 425.0 195.0 0.0 
120000.0 2.0 1.0 1.0 0.0 0.0 0.0 0.0 0.0 0.0 78384.0 77085.0 73326.0 72594.0 72008.0 74622.0 4000.0 3505.0 3005.0 3008.0 7253.0 12.0 0.0 
80000.0 1.0 1.0 1.0 2.0 0.0 0.0 0.0 0.0 3.0 13708.0 22668.0 31456.0 40111.0 48633.0 56740.0 9200.0 9200.0 9200.0 9200.0 9200.0 0.0 1.0 
170000.0 2.0 1.0 1.0 1.0 2.0 2.0 0.0 0.0 0.0 110970.0 117076.0 113778.0 117989.0 118803.0 121434.0 9460.0 0.0 6100.0 4210.0 4500.0 4500.0 1.0 
160000.0 1.0 0.0 1.0 2.0 0.0 0.0 0.0 0.0 0.0 139983.0 125833.0 127815.0 130023.0 98604.0 101650.0 6000.0 5500.0 5000.0 3000.0 4000.0 3000.0 1.0 
140000.0 1.0 1.0 2.0 0.0 0.0 0.0 0.0 0.0 0.0 24602.0 12526.0 9032.0 0.0 0.0 0.0 5063.0 9032.0 0.0 0.0 0.0 0.0 0.0 
190000.0 2.0 1.0 2.0 2.0 0.0 0.0 0.0 0.0 0.0 204297.0 106428.0 109736.0 111487.0 114878.0 118541.0 6355.0 6500.0 5000.0 5117.0 5644.0 4767.0 1.0 
70000.0 1.0 1.0 2.0 0.0 0.0 0.0 2.0 0.0 0.0 32938.0 33635.0 35287.0 36002.0 37096.0 37999.0 1548.0 2200.0 1600.0 2000.0 1500.0 3000.0 0.0 
140000.0 1.0 1.0 1.0 0.0 0.0 0.0 0.0 0.0 0.0 109259.0 108015.0 107209.0 106353.0 100653.0 99546.0 5400.0 5211.0 4000.0 4000.0 4000.0 3600.0 0.0 
50000.0 2.0 1.0 2.0 2.0 2.0 2.0 0.0 0.0 0.0 48283.0 48767.0 35917.0 26946.0 22458.0 23569.0 1700.0 0.0 1036.0 817.0 1486.0 3500.0 1.0 
200000.0 1.0 1.0 1.0 0.0 0.0 0.0 0.0 0.0 0.0 3254.0 1988.0 2780.0 3107.0 6687.0 24524.0 1998.0 2795.0 3117.0 6700.0 24538.0 2797.0 0.0 
160000.0 1.0 1.0 2.0 1.0 0.0 0.0 0.0 0.0 0.0 0.0 650.0 0.0 650.0 325.0 325.0 650.0 0.0 650.0 0.0 325.0 325.0 1.0 
250000.0 1.0 1.0 1.0 0.0 0.0 0.0 0.0 0.0 0.0 205323.0 5317.0 4898.0 19351.0 4858.0 6973.0 10021.0 5033.0 19619.0 4874.0 7050.0 12073.0 1.0 
50000.0 1.0 1.0 2.0 0.0 0.0 0.0 0.0 0.0 0.0 836.0 836.0 1616.0 780.0 390.0 540.0 836.0 1616.0 0.0 0.0 540.0 390.0 0.0 
200000.0 1.0 1.0 1.0 2.0 2.0 0.0 0.0 2.0 0.0 190672.0 186230.0 188391.0 199101.0 185247.0 165232.0 0.0 6784.0 13788.0 14.0 6021.0 5099.0 0.0 
120000.0 2.0 1.0 2.0 0.0 0.0 0.0 0.0 0.0 0.0 8676.0 10599.0 5814.0 4426.0 3038.0 5184.0 5000.0 5814.0 0.0 0.0 5184.0 7048.0 0.0 
200000.0 2.0 1.0 1.0 0.0 0.0 0.0 0.0 0.0 0.0 5481.0 6430.0 4494.0 4771.0 9454.0 8595.0 1068.0 1140.0 1000.0 5000.0 3000.0 3000.0 0.0 
140000.0 2.0 1.0 2.0 0.0 0.0 0.0 0.0 0.0 0.0 136170.0 139270.0 137548.0 96340.0 94201.0 97068.0 6799.0 5100.0 3300.0 3400.0 7461.0 3498.0 0.0 
260000.0 1.0 1.0 2.0 0.0 2.0 2.0 0.0 0.0 2.0 8832.0 1528.0 0.0 0.0 5987.0 5837.0 15.0 0.0 0.0 5987.0 0.0 27887.0 1.0 
360000.0 2.0 1.0 1.0 1.0 0.0 0.0 0.0 0.0 0.0 0.0 0.0 0.0 0.0 0.0 0.0 0.0 0.0 0.0 0.0 0.0 3220.0 1.0 
30000.0 1.0 1.0 2.0 1.0 2.0 2.0 2.0 2.0 0.0 26921.0 27809.0 21658.0 22794.0 22289.0 22916.0 1700.0 0.0 1800.0 0.0 1000.0 1000.0 0.0 
10000.0 1.0 0.0 2.0 2.0 0.0 0.0 0.0 0.0 0.0 4693.0 5371.0 6327.0 6055.0 0.0 0.0 1300.0 1600.0 400.0 0.0 0.0 0.0 1.0 
20000.0 2.0 0.0 3.0 2.0 0.0 0.0 0.0 0.0 2.0 18355.0 17165.0 17676.0 18300.0 20278.0 20192.0 1600.0 1500.0 900.0 3600.0 393.0 0.0 1.0 
200000.0 2.0 1.0 2.0 0.0 0.0 0.0 0.0 0.0 0.0 6242.0 1776.0 3587.0 0.0 2160.0 900.0 1776.0 3598.0 0.0 2160.0 900.0 1850.0 0.0 
130000.0 1.0 1.0 2.0 0.0 0.0 0.0 0.0 0.0 0.0 127790.0 128272.0 6230.0 0.0 0.0 0.0 6000.0 1400.0 0.0 0.0 0.0 0.0 0.0 
120000.0 2.0 1.0 2.0 0.0 0.0 0.0 0.0 0.0 0.0 110686.0 103869.0 90809.0 67313.0 16040.0 116654.0 7000.0 5000.0 5000.0 4000.0 110000.0 4593.0 0.0 
50000.0 2.0 1.0 1.0 1.0 2.0 0.0 0.0 2.0 2.0 12744.0 12243.0 16215.0 20490.0 19990.0 0.0 0.0 4200.0 4700.0 0.0 0.0 3390.0 1.0 
20000.0 2.0 1.0 2.0 0.0 0.0 0.0 0.0 0.0 0.0 2095.0 7733.0 0.0 0.0 4076.0 1911.0 7733.0 0.0 0.0 4076.0 1911.0 0.0 1.0 
90000.0 2.0 1.0 2.0 2.0 0.0 0.0 2.0 0.0 0.0 89346.0 89466.0 93755.0 89706.0 89221.0 91596.0 4100.0 8245.0 0.0 3450.0 7200.0 0.0 1.0 
30000.0 2.0 0.0 2.0 0.0 0.0 0.0 0.0 0.0 0.0 2946.0 0.0 390.0 390.0 390.0 0.0 0.0 390.0 390.0 390.0 0.0 780.0 1.0 
120000.0 1.0 0.0 1.0 0.0 0.0 0.0 0.0 0.0 0.0 326.0 326.0 326.0 326.0 652.0 326.0 326.0 326.0 326.0 652.0 0.0 290.0 0.0 
420000.0 2.0 1.0 1.0 0.0 0.0 0.0 0.0 0.0 0.0 158471.0 44131.0 32423.0 18824.0 0.0 21082.0 1644.0 1436.0 1000.0 0.0 21082.0 228548.0 0.0 
30000.0 2.0 1.0 2.0 0.0 0.0 0.0 0.0 0.0 0.0 14790.0 19563.0 16671.0 13353.0 13232.0 9601.0 12037.0 10038.0 8057.0 6000.0 4221.0 3258.0 0.0 
200000.0 1.0 1.0 1.0 2.0 2.0 2.0 2.0 2.0 2.0 168289.0 172001.0 175281.0 177895.0 180078.0 184048.0 8000.0 7500.0 7000.0 6600.0 7000.0 7100.0 1.0 
140000.0 2.0 1.0 2.0 1.0 0.0 0.0 0.0 0.0 0.0 0.0 1216.0 2677.0 2985.0 3739.0 1242.0 1216.0 2698.0 6069.0 3889.0 1242.0 3061.0 0.0 
140000.0 1.0 1.0 2.0 1.0 2.0 2.0 0.0 0.0 0.0 94153.0 100214.0 97720.0 98997.0 101439.0 103840.0 8500.0 0.0 3800.0 4200.0 4250.0 4100.0 0.0 
60000.0 2.0 0.0 2.0 0.0 0.0 0.0 0.0 0.0 0.0 38726.0 39764.0 41084.0 41741.0 42461.0 43457.0 1663.0 1983.0 1640.0 1542.0 1703.0 1758.0 0.0 
100000.0 2.0 1.0 1.0 2.0 2.0 2.0 2.0 2.0 2.0 31786.0 34629.0 34189.0 36309.0 36916.0 36192.0 3680.0 400.0 3000.0 1500.0 0.0 3100.0 1.0 
60000.0 1.0 1.0 2.0 0.0 0.0 0.0 0.0 0.0 0.0 62038.0 34845.0 33598.0 20904.0 18705.0 19345.0 1579.0 1998.0 1304.0 771.0 1045.0 433.0 0.0 
60000.0 2.0 1.0 1.0 1.0 2.0 2.0 2.0 2.0 2.0 61474.0 59121.0 63389.0 60919.0 57800.0 58698.0 0.0 5229.0 18.0 3779.0 1764.0 0.0 1.0 
50000.0 2.0 1.0 2.0 0.0 0.0 0.0 0.0 0.0 0.0 50813.0 50558.0 50455.0 49443.0 20405.0 19494.0 1972.0 2369.0 3592.0 1029.0 723.0 874.0 0.0 
220000.0 2.0 1.0 2.0 0.0 0.0 0.0 0.0 0.0 0.0 3352.0 3352.0 3352.0 3352.0 3352.0 3352.0 3352.0 3352.0 3352.0 3352.0 3352.0 3352.0 1.0 
60000.0 1.0 1.0 1.0 0.0 0.0 0.0 0.0 0.0 0.0 7888.0 13989.0 9588.0 18041.0 14458.0 12710.0 14026.0 9700.0 18064.0 4016.0 5029.0 2828.0 0.0 
30000.0 1.0 1.0 2.0 2.0 0.0 2.0 0.0 0.0 0.0 581.0 1312.0 731.0 7300.0 6071.0 7849.0 1312.0 0.0 7300.0 6071.0 8000.0 16000.0 1.0 
50000.0 1.0 1.0 2.0 1.0 2.0 2.0 2.0 0.0 0.0 15116.0 14876.0 17325.0 16754.0 17175.0 17588.0 300.0 3000.0 0.0 1000.0 690.0 650.0 1.0 
160000.0 1.0 1.0 2.0 0.0 0.0 0.0 0.0 0.0 0.0 165.0 0.0 0.0 0.0 0.0 0.0 0.0 0.0 0.0 0.0 0.0 0.0 1.0 
480000.0 2.0 1.0 2.0 0.0 0.0 0.0 0.0 0.0 0.0 5619.0 7600.0 123988.0 177054.0 273429.0 293157.0 7600.0 123988.0 60000.0 100000.0 24250.0 12735.0 0.0 
280000.0 2.0 1.0 1.0 0.0 0.0 0.0 0.0 0.0 0.0 257561.0 270827.0 212405.0 194345.0 161084.0 174622.0 20000.0 15000.0 0.0 161084.0 15000.0 20000.0 0.0 
240000.0 2.0 1.0 2.0 0.0 0.0 0.0 0.0 0.0 0.0 1981.0 -2076.0 -2076.0 -2076.0 -2076.0 -253.0 0.0 0.0 0.0 0.0 1823.0 0.0 0.0 
30000.0 1.0 1.0 1.0 2.0 4.0 4.0 3.0 2.0 2.0 28854.0 30467.0 29721.0 28961.0 29397.0 29988.0 2372.0 0.0 0.0 1200.0 1200.0 1163.0 1.0 
70000.0 2.0 1.0 2.0 1.0 2.0 2.0 2.0 2.0 2.0 52204.0 53250.0 53799.0 52330.0 55666.0 56839.0 2500.0 1983.0 0.0 4206.0 2200.0 0.0 1.0 
140000.0 1.0 1.0 1.0 0.0 0.0 0.0 0.0 0.0 0.0 83957.0 87160.0 89365.0 91005.0 94651.0 97132.0 5000.0 4000.0 3618.0 5481.0 5000.0 5000.0 0.0 
20000.0 2.0 1.0 2.0 2.0 0.0 0.0 0.0 0.0 2.0 13718.0 15033.0 15751.0 17068.0 17891.0 17463.0 1550.0 1268.0 1585.0 1408.0 0.0 1700.0 1.0 
200000.0 2.0 1.0 2.0 0.0 0.0 0.0 0.0 0.0 0.0 5954.0 10464.0 7165.0 6946.0 9776.0 2007.0 10464.0 7165.0 6966.0 9776.0 2007.0 1603.0 0.0 
240000.0 1.0 1.0 1.0 0.0 0.0 0.0 0.0 0.0 0.0 4221.0 2188.0 2701.0 2427.0 1104.0 2362.0 2188.0 2701.0 2427.0 1104.0 2362.0 519.0 0.0 
90000.0 1.0 1.0 1.0 2.0 0.0 0.0 0.0 0.0 0.0 58395.0 59559.0 61640.0 62793.0 63493.0 67204.0 2134.0 3043.0 3000.0 2300.0 4506.0 15490.0 1.0 
140000.0 1.0 1.0 2.0 0.0 0.0 0.0 0.0 0.0 0.0 5600.0 0.0 0.0 0.0 5302.0 10251.0 0.0 0.0 0.0 5302.0 5251.0 0.0 0.0 
180000.0 2.0 1.0 1.0 2.0 0.0 0.0 0.0 0.0 0.0 1343.0 437.0 2297.0 4428.0 985.0 4028.0 438.0 2308.0 4446.0 987.0 4040.0 600.0 1.0 
200000.0 1.0 1.0 1.0 0.0 0.0 0.0 0.0 0.0 0.0 76929.0 74701.0 69669.0 13877.0 9789.0 116868.0 5000.0 4070.0 3000.0 2078.0 115000.0 6000.0 0.0 
30000.0 2.0 1.0 2.0 3.0 3.0 3.0 3.0 2.0 2.0 29093.0 29532.0 29954.0 29176.0 29958.0 30520.0 1200.0 1200.0 0.0 1400.0 1200.0 0.0 1.0 
60000.0 2.0 0.0 1.0 0.0 0.0 0.0 0.0 0.0 0.0 53748.0 41668.0 29306.0 27800.0 27552.0 29545.0 1778.0 2000.0 1748.0 1500.0 2600.0 1000.0 0.0 
130000.0 1.0 1.0 1.0 2.0 2.0 2.0 0.0 0.0 0.0 109994.0 125138.0 114344.0 96995.0 100086.0 92344.0 17100.0 17.0 4000.0 5000.0 4000.0 4000.0 1.0 
240000.0 1.0 1.0 1.0 0.0 0.0 0.0 0.0 0.0 0.0 223151.0 226688.0 230690.0 213633.0 176135.0 179027.0 7766.0 8300.0 7200.0 6200.0 6550.0 6107.0 0.0 
400000.0 1.0 0.0 1.0 0.0 0.0 0.0 0.0 0.0 0.0 15090.0 17934.0 21264.0 29811.0 58472.0 101092.0 4004.0 5002.0 10004.0 70001.0 84003.0 20000.0 0.0 
240000.0 2.0 1.0 1.0 0.0 0.0 0.0 0.0 0.0 0.0 95835.0 90385.0 85011.0 77329.0 50673.0 48723.0 4060.0 3181.0 3000.0 1500.0 3042.0 1377.0 0.0 
140000.0 1.0 1.0 2.0 2.0 2.0 2.0 2.0 2.0 2.0 119424.0 116014.0 133567.0 129953.0 136283.0 139961.0 0.0 19500.0 0.0 10000.0 6000.0 5000.0 1.0 
120000.0 1.0 1.0 2.0 2.0 0.0 0.0 0.0 0.0 0.0 1330.0 2103.0 2473.0 1162.0 0.0 3443.0 2103.0 1170.0 1162.0 0.0 3443.0 0.0 1.0 
200000.0 2.0 1.0 1.0 1.0 2.0 2.0 2.0 0.0 0.0 38398.0 20693.0 27932.0 12585.0 45031.0 19836.0 0.0 15015.0 0.0 45031.0 20000.0 45010.0 1.0 
50000.0 2.0 1.0 2.0 2.0 2.0 2.0 2.0 0.0 0.0 48286.0 49286.0 50006.0 48846.0 45944.0 46925.0 2100.0 1800.0 0.0 1624.0 1700.0 3000.0 1.0 
10000.0 2.0 0.0 1.0 0.0 0.0 0.0 0.0 2.0 2.0 32.0 -358.0 -748.0 1690.0 1138.0 930.0 0.0 0.0 2828.0 0.0 182.0 0.0 0.0 
240000.0 1.0 1.0 1.0 0.0 0.0 0.0 0.0 0.0 0.0 98588.0 100545.0 102651.0 104749.0 106832.0 109062.0 3592.0 3719.0 3798.0 3821.0 3949.0 3976.0 0.0 
200000.0 2.0 1.0 1.0 0.0 2.0 0.0 0.0 0.0 0.0 3850.0 2025.0 1926.0 3263.0 1580.0 16874.0 6.0 1931.0 3267.0 7.0 17894.0 2508.0 0.0 
70000.0 2.0 1.0 2.0 0.0 0.0 0.0 0.0 0.0 0.0 35867.0 28496.0 28401.0 22587.0 24361.0 25424.0 3000.0 3005.0 3000.0 3000.0 1500.0 1008.0 0.0 
300000.0 1.0 1.0 1.0 1.0 2.0 2.0 2.0 2.0 2.0 54977.0 56189.0 56663.0 57428.0 58455.0 57556.0 2500.0 1800.0 2100.0 1900.0 0.0 3500.0 1.0 
20000.0 1.0 0.0 1.0 2.0 3.0 2.0 3.0 2.0 0.0 10449.0 10135.0 11926.0 11448.0 10970.0 11636.0 0.0 2100.0 0.0 0.0 1000.0 1000.0 1.0 
200000.0 2.0 0.0 2.0 0.0 0.0 0.0 0.0 0.0 0.0 195380.0 199642.0 188169.0 191549.0 195163.0 194101.0 7632.0 6839.0 6518.0 6356.0 6441.0 6763.0 0.0 
200000.0 2.0 1.0 2.0 0.0 0.0 0.0 0.0 0.0 0.0 4510.0 7430.0 4144.0 57836.0 1810.0 0.0 7430.0 4144.0 57836.0 1810.0 0.0 3018.0 0.0 
200000.0 2.0 0.0 2.0 0.0 0.0 0.0 0.0 0.0 2.0 22629.0 24943.0 27210.0 36359.0 39299.0 40428.0 3000.0 3000.0 10000.0 3700.0 2000.0 3000.0 0.0 
70000.0 2.0 1.0 2.0 0.0 0.0 0.0 0.0 0.0 0.0 71358.0 70285.0 28867.0 29766.0 26522.0 27584.0 3280.0 1480.0 1360.0 960.0 1500.0 1000.0 0.0 
30000.0 1.0 1.0 1.0 1.0 3.0 2.0 2.0 2.0 2.0 23171.0 22523.0 21863.0 23296.0 22783.0 24310.0 0.0 0.0 1800.0 0.0 1910.0 780.0 1.0 
240000.0 1.0 1.0 1.0 0.0 0.0 0.0 0.0 0.0 0.0 205495.0 236484.0 243567.0 44351.0 193283.0 21682.0 34700.0 11005.0 8006.0 202000.0 8505.0 377000.0 0.0 
140000.0 2.0 1.0 2.0 0.0 0.0 0.0 0.0 0.0 0.0 389.0 403.0 0.0 0.0 0.0 0.0 407.0 0.0 0.0 0.0 0.0 1260.0 0.0 
200000.0 1.0 1.0 1.0 0.0 0.0 2.0 0.0 0.0 0.0 162.0 1879.0 1707.0 617.0 620.0 0.0 1879.0 8.0 617.0 3.0 0.0 0.0 0.0 
50000.0 1.0 1.0 2.0 1.0 2.0 0.0 0.0 0.0 0.0 15491.0 15934.0 17168.0 18376.0 19068.0 19760.0 1000.0 1500.0 1500.0 1000.0 1000.0 2500.0 1.0 
10000.0 1.0 0.0 2.0 0.0 0.0 0.0 0.0 0.0 0.0 1655.0 1473.0 390.0 390.0 540.0 150.0 1473.0 390.0 390.0 540.0 150.0 3780.0 0.0 
200000.0 2.0 1.0 2.0 0.0 0.0 0.0 0.0 0.0 0.0 2364.0 442.0 33442.0 2140.0 964.0 2075.0 442.0 33448.0 2140.0 964.0 2075.0 7511.0 0.0 
280000.0 2.0 0.0 2.0 0.0 0.0 0.0 0.0 0.0 0.0 795.0 1020.0 0.0 1075.0 141246.0 146349.0 1025.0 0.0 1075.0 141246.0 6349.0 9192.0 0.0 
30000.0 1.0 1.0 1.0 0.0 0.0 0.0 0.0 2.0 0.0 24422.0 25480.0 26425.0 30525.0 29063.0 29022.0 1455.0 1400.0 4500.0 0.0 1500.0 2000.0 0.0 
240000.0 1.0 1.0 1.0 0.0 0.0 0.0 0.0 0.0 0.0 0.0 0.0 0.0 0.0 0.0 0.0 0.0 0.0 0.0 0.0 0.0 0.0 0.0 
50000.0 2.0 1.0 2.0 0.0 0.0 0.0 0.0 0.0 0.0 39607.0 40399.0 36712.0 33485.0 37712.0 40065.0 5014.0 5000.0 5000.0 5000.0 5000.0 5000.0 0.0 
70000.0 2.0 1.0 2.0 0.0 0.0 0.0 0.0 0.0 0.0 22658.0 31647.0 24487.0 25125.0 26651.0 26125.0 9397.0 1487.0 1039.0 2073.0 1045.0 1231.0 0.0 
50000.0 2.0 0.0 2.0 0.0 0.0 0.0 0.0 0.0 0.0 26708.0 25230.0 26999.0 27748.0 28351.0 28864.0 2000.0 3000.0 1500.0 1200.0 1136.0 1032.0 0.0 
30000.0 2.0 0.0 1.0 2.0 0.0 0.0 0.0 0.0 0.0 27783.0 27584.0 28638.0 29584.0 30036.0 29404.0 1748.0 1802.0 1748.0 1200.0 1223.0 1100.0 1.0 
280000.0 1.0 1.0 1.0 1.0 2.0 2.0 2.0 0.0 0.0 168708.0 172528.0 174328.0 170028.0 174281.0 185348.0 8000.0 6100.0 0.0 7000.0 14000.0 7000.0 1.0 
280000.0 1.0 1.0 2.0 2.0 2.0 2.0 2.0 0.0 0.0 163675.0 168581.0 170775.0 166749.0 168739.0 166757.0 9000.0 6000.0 5.0 5858.0 5741.0 5608.0 1.0 
80000.0 1.0 1.0 1.0 2.0 0.0 0.0 0.0 0.0 0.0 59999.0 61205.0 62620.0 63870.0 64114.0 65932.0 2800.0 3000.0 2901.0 2500.0 3000.0 5202.0 1.0 
90000.0 1.0 0.0 2.0 2.0 2.0 2.0 2.0 0.0 0.0 90221.0 91898.0 91334.0 59253.0 58519.0 58443.0 4000.0 2090.0 0.0 2078.0 2900.0 2000.0 1.0 
70000.0 2.0 1.0 2.0 2.0 2.0 2.0 2.0 0.0 0.0 64838.0 69136.0 69422.0 65107.0 28736.0 29221.0 6000.0 2000.0 55.0 1170.0 1100.0 1170.0 1.0 
180000.0 2.0 1.0 1.0 0.0 0.0 0.0 0.0 0.0 0.0 3359.0 4060.0 -200.0 2000.0 0.0 19726.0 4060.0 0.0 2200.0 0.0 19726.0 0.0 0.0 
50000.0 2.0 0.0 1.0 0.0 0.0 0.0 0.0 0.0 0.0 45652.0 44037.0 40517.0 29734.0 16198.0 16669.0 1734.0 5000.0 1000.0 10160.0 16669.0 692.0 0.0 
50000.0 1.0 1.0 1.0 0.0 0.0 0.0 0.0 0.0 0.0 49401.0 50079.0 50463.0 49407.0 29708.0 29308.0 1803.0 1988.0 1514.0 1041.0 1056.0 1078.0 1.0 
400000.0 1.0 1.0 2.0 0.0 0.0 0.0 0.0 2.0 0.0 115506.0 123607.0 140859.0 157131.0 126146.0 115529.0 10000.0 20009.0 20146.0 68.0 5109.0 5084.0 0.0 
50000.0 2.0 0.0 1.0 0.0 0.0 0.0 0.0 2.0 0.0 29336.0 30502.0 31161.0 25294.0 24843.0 19576.0 1641.0 1300.0 1629.0 0.0 1000.0 1007.0 0.0 
50000.0 2.0 1.0 2.0 0.0 0.0 0.0 0.0 0.0 0.0 30941.0 30730.0 29908.0 28809.0 27905.0 13835.0 1751.0 1402.0 776.0 773.0 522.0 430.0 0.0 
30000.0 2.0 1.0 1.0 0.0 2.0 0.0 2.0 0.0 0.0 4743.0 390.0 1000.0 543.0 18127.0 23563.0 390.0 1000.0 3.0 20077.0 10000.0 1854.0 0.0 
70000.0 2.0 1.0 2.0 2.0 0.0 0.0 0.0 0.0 0.0 64744.0 66030.0 67450.0 68587.0 57710.0 58918.0 2361.0 2482.0 2293.0 2063.0 2135.0 2188.0 1.0 
250000.0 2.0 1.0 1.0 3.0 2.0 2.0 0.0 0.0 0.0 2500.0 2500.0 0.0 0.0 0.0 0.0 0.0 0.0 0.0 0.0 0.0 0.0 1.0 
30000.0 1.0 1.0 1.0 1.0 2.0 0.0 0.0 2.0 2.0 15148.0 14620.0 15322.0 16469.0 16063.0 17295.0 0.0 1253.0 1400.0 0.0 1500.0 0.0 0.0 
200000.0 1.0 1.0 2.0 0.0 0.0 0.0 0.0 0.0 0.0 8951.0 6595.0 0.0 0.0 0.0 0.0 9117.0 0.0 0.0 0.0 0.0 0.0 0.0 
50000.0 1.0 1.0 2.0 0.0 0.0 0.0 0.0 0.0 0.0 43785.0 38971.0 34836.0 18488.0 19716.0 17932.0 1795.0 1660.0 1272.0 1500.0 644.0 704.0 0.0 
140000.0 2.0 1.0 1.0 1.0 0.0 0.0 0.0 0.0 2.0 0.0 0.0 0.0 0.0 825.0 675.0 0.0 0.0 0.0 825.0 0.0 23715.0 0.0 
50000.0 2.0 0.0 1.0 0.0 0.0 0.0 0.0 0.0 0.0 43140.0 43496.0 0.0 0.0 0.0 0.0 2500.0 0.0 0.0 0.0 0.0 0.0 0.0 
50000.0 2.0 1.0 2.0 2.0 2.0 0.0 0.0 0.0 0.0 19930.0 19316.0 20347.0 21354.0 21630.0 23123.0 0.0 1646.0 1653.0 929.0 2000.0 0.0 1.0 
10000.0 2.0 1.0 2.0 0.0 0.0 0.0 0.0 0.0 0.0 7199.0 8275.0 9232.0 9266.0 9501.0 9729.0 1350.0 1270.0 300.0 350.0 350.0 300.0 1.0 
50000.0 2.0 0.0 2.0 2.0 0.0 0.0 0.0 0.0 0.0 344.0 5036.0 1780.0 5808.0 390.0 780.0 5128.0 1780.0 5808.0 390.0 780.0 0.0 1.0 
70000.0 2.0 0.0 2.0 0.0 0.0 0.0 0.0 0.0 0.0 7139.0 8361.0 10030.0 11578.0 13408.0 12302.0 1500.0 2000.0 2000.0 2000.0 1000.0 2000.0 0.0 
80000.0 1.0 0.0 1.0 0.0 0.0 0.0 0.0 0.0 0.0 61454.0 61808.0 62290.0 29296.0 26210.0 17643.0 2545.0 2208.0 1336.0 2232.0 542.0 348.0 0.0 
10000.0 2.0 1.0 1.0 1.0 2.0 2.0 2.0 0.0 0.0 5015.0 4789.0 6199.0 5951.0 6255.0 6401.0 0.0 1500.0 0.0 400.0 400.0 700.0 1.0 
50000.0 1.0 0.0 2.0 0.0 0.0 0.0 0.0 0.0 0.0 50577.0 46529.0 46791.0 47922.0 49482.0 0.0 2138.0 1400.0 3000.0 5000.0 0.0 0.0 1.0 
240000.0 2.0 1.0 2.0 0.0 0.0 0.0 0.0 0.0 0.0 0.0 0.0 0.0 0.0 0.0 0.0 0.0 0.0 0.0 0.0 0.0 0.0 0.0 
200000.0 1.0 1.0 2.0 1.0 2.0 2.0 3.0 2.0 2.0 182307.0 186128.0 197509.0 193046.0 194368.0 182903.0 8300.0 15900.0 200.0 6100.0 7000.0 0.0 1.0 
70000.0 2.0 1.0 2.0 0.0 0.0 0.0 0.0 0.0 0.0 31680.0 28410.0 24046.0 19194.0 16621.0 10797.0 2000.0 2000.0 2000.0 3000.0 2500.0 900.0 0.0 
50000.0 1.0 1.0 1.0 0.0 0.0 0.0 0.0 0.0 0.0 3580.0 4597.0 5757.0 5869.0 5838.0 5971.0 1084.0 1244.0 356.0 212.0 230.0 205.0 0.0 
100000.0 2.0 0.0 1.0 2.0 2.0 2.0 0.0 0.0 0.0 110537.0 99734.0 99973.0 71008.0 66735.0 68621.0 0.0 3000.0 103000.0 2500.0 3000.0 3000.0 1.0 
180000.0 2.0 1.0 2.0 1.0 2.0 0.0 0.0 0.0 0.0 7445.0 1706.0 1600.0 0.0 22357.0 21541.0 0.0 1600.0 0.0 22357.0 1500.0 785.0 1.0 
130000.0 2.0 1.0 1.0 1.0 0.0 0.0 0.0 0.0 0.0 0.0 0.0 441.0 305.0 0.0 0.0 0.0 441.0 305.0 0.0 0.0 0.0 1.0 
140000.0 1.0 1.0 1.0 0.0 0.0 0.0 0.0 0.0 0.0 90186.0 74504.0 72358.0 48081.0 45543.0 26788.0 2805.0 2877.0 1360.0 1400.0 1026.0 1200.0 0.0 
120000.0 2.0 1.0 2.0 0.0 0.0 0.0 0.0 0.0 0.0 22431.0 12399.0 4199.0 3059.0 674.0 0.0 1500.0 1000.0 682.0 0.0 0.0 738.0 0.0 
50000.0 2.0 1.0 2.0 0.0 0.0 0.0 0.0 0.0 0.0 780.0 0.0 780.0 390.0 390.0 500.0 0.0 780.0 0.0 390.0 500.0 18300.0 0.0 
50000.0 2.0 0.0 2.0 1.0 0.0 0.0 0.0 0.0 0.0 0.0 0.0 0.0 0.0 562.0 736.0 0.0 0.0 0.0 562.0 736.0 1269.0 1.0 
130000.0 2.0 1.0 2.0 2.0 2.0 0.0 0.0 0.0 0.0 1176.0 0.0 41.0 1062.0 -201.0 -201.0 0.0 41.0 1021.0 0.0 0.0 0.0 1.0 
120000.0 2.0 1.0 2.0 0.0 0.0 0.0 0.0 0.0 0.0 96342.0 97724.0 99131.0 100464.0 100380.0 101445.0 4500.0 4500.0 4500.0 3700.0 3679.0 4100.0 0.0 
50000.0 2.0 1.0 2.0 0.0 0.0 0.0 0.0 0.0 0.0 390.0 390.0 0.0 780.0 0.0 0.0 390.0 0.0 780.0 0.0 0.0 0.0 0.0 
100000.0 1.0 1.0 2.0 0.0 0.0 0.0 0.0 0.0 0.0 2927.0 831.0 1226.0 330.0 0.0 0.0 831.0 1226.0 330.0 0.0 0.0 0.0 0.0 
140000.0 1.0 1.0 2.0 0.0 0.0 0.0 0.0 0.0 0.0 84729.0 102693.0 41266.0 39634.0 115440.0 133580.0 26894.0 1500.0 11888.0 115440.0 23900.0 10586.0 0.0 
50000.0 1.0 1.0 2.0 0.0 0.0 0.0 0.0 0.0 0.0 14633.0 12921.0 13957.0 16703.0 17052.0 17391.0 1218.0 1254.0 3000.0 617.0 621.0 643.0 0.0 
100000.0 2.0 0.0 1.0 0.0 0.0 0.0 0.0 0.0 0.0 41803.0 73882.0 75609.0 77265.0 78973.0 81665.0 33882.0 4000.0 4000.0 4000.0 5000.0 5900.0 0.0 
300000.0 1.0 0.0 1.0 0.0 0.0 0.0 0.0 2.0 2.0 274750.0 0.0 0.0 411.0 261.0 8561.0 0.0 0.0 411.0 0.0 8300.0 0.0 0.0 
120000.0 1.0 1.0 2.0 0.0 0.0 2.0 2.0 0.0 0.0 66.0 584.0 259.0 -66.0 -391.0 -716.0 843.0 0.0 66.0 325.0 325.0 325.0 0.0 
90000.0 2.0 1.0 1.0 1.0 0.0 0.0 0.0 0.0 0.0 0.0 0.0 0.0 2146.0 2452.0 6990.0 0.0 0.0 2146.0 2452.0 6990.0 3550.0 1.0 
120000.0 1.0 1.0 2.0 0.0 0.0 0.0 0.0 0.0 0.0 884.0 0.0 0.0 10446.0 0.0 0.0 0.0 0.0 10446.0 0.0 0.0 0.0 0.0 
70000.0 2.0 1.0 2.0 0.0 0.0 0.0 0.0 0.0 0.0 42105.0 35575.0 32772.0 29766.0 29286.0 29404.0 1614.0 2042.0 2002.0 1052.0 1055.0 1063.0 0.0 
150000.0 1.0 1.0 1.0 2.0 2.0 2.0 0.0 0.0 2.0 113358.0 124745.0 121249.0 124237.0 132252.0 134925.0 14779.0 0.0 5000.0 10000.0 5000.0 0.0 1.0 
30000.0 1.0 1.0 1.0 0.0 0.0 0.0 0.0 0.0 0.0 29416.0 30476.0 30386.0 29769.0 30395.0 30348.0 1540.0 1447.0 1027.0 1066.0 1288.0 1104.0 0.0 
140000.0 2.0 1.0 2.0 0.0 0.0 0.0 0.0 2.0 0.0 141057.0 144306.0 141949.0 141345.0 136379.0 126211.0 7200.0 19000.0 10400.0 0.0 4931.0 9100.0 0.0 
30000.0 2.0 1.0 2.0 0.0 0.0 0.0 0.0 0.0 0.0 25150.0 26253.0 27064.0 27884.0 29190.0 25789.0 3000.0 3000.0 2000.0 2000.0 1069.0 1074.0 0.0 
300000.0 2.0 1.0 1.0 0.0 0.0 0.0 0.0 0.0 0.0 93738.0 84636.0 88446.0 76244.0 67747.0 70389.0 3000.0 5000.0 2500.0 2500.0 3500.0 87000.0 0.0 
200000.0 1.0 1.0 1.0 0.0 0.0 0.0 0.0 0.0 0.0 1640.0 0.0 0.0 0.0 0.0 0.0 0.0 0.0 0.0 0.0 0.0 0.0 0.0 
180000.0 1.0 1.0 2.0 1.0 0.0 0.0 0.0 0.0 0.0 -203.0 -698.0 -193.0 -688.0 817.0 1157.0 0.0 1000.0 0.0 2000.0 1000.0 2000.0 1.0 
110000.0 1.0 0.0 2.0 2.0 0.0 0.0 0.0 2.0 0.0 103356.0 85352.0 55489.0 49958.0 50524.0 50361.0 2700.0 1827.0 5400.0 1473.0 2100.0 1848.0 1.0 
60000.0 1.0 1.0 3.0 0.0 0.0 2.0 2.0 2.0 2.0 24677.0 26963.0 28210.0 27473.0 29176.0 28242.0 3000.0 2000.0 0.0 2289.0 0.0 1500.0 1.0 
30000.0 2.0 1.0 2.0 0.0 0.0 0.0 0.0 0.0 0.0 5688.0 -378.0 -378.0 920.0 5448.0 0.0 0.0 0.0 1298.0 5448.0 0.0 10000.0 0.0 
50000.0 1.0 1.0 2.0 0.0 0.0 0.0 0.0 0.0 0.0 390.0 390.0 390.0 390.0 780.0 390.0 390.0 390.0 390.0 780.0 0.0 390.0 0.0 
70000.0 2.0 1.0 2.0 0.0 0.0 0.0 0.0 0.0 0.0 61217.0 62601.0 63990.0 64355.0 56195.0 43803.0 3000.0 3000.0 3000.0 1900.0 1600.0 2600.0 0.0 
30000.0 1.0 1.0 2.0 0.0 0.0 0.0 0.0 0.0 0.0 33195.0 32705.0 32406.0 32167.0 31728.0 31061.0 1600.0 1500.0 1500.0 1300.0 1261.0 1003.0 0.0 
110000.0 2.0 1.0 2.0 0.0 0.0 0.0 0.0 0.0 0.0 103195.0 102713.0 103034.0 103112.0 94403.0 96072.0 5200.0 3804.0 4500.0 3400.0 3500.0 7700.0 1.0 
380000.0 1.0 0.0 1.0 0.0 0.0 0.0 0.0 0.0 0.0 329877.0 309781.0 295550.0 277650.0 264217.0 238368.0 12055.0 9837.0 9154.0 9042.0 8515.0 7745.0 0.0 
150000.0 1.0 1.0 2.0 1.0 2.0 0.0 0.0 0.0 0.0 156387.0 148656.0 150963.0 152607.0 103113.0 96518.0 0.0 6000.0 10000.0 4000.0 4000.0 7000.0 1.0 
50000.0 2.0 1.0 2.0 0.0 0.0 0.0 0.0 2.0 0.0 16621.0 8044.0 917.0 18353.0 35836.0 18320.0 1037.0 917.0 18436.0 0.0 699.0 580.0 0.0 
40000.0 2.0 1.0 1.0 2.0 2.0 2.0 2.0 2.0 2.0 33895.0 33068.0 35704.0 36173.0 36796.0 37288.0 0.0 3200.0 1500.0 1500.0 1400.0 1500.0 1.0 
280000.0 2.0 1.0 2.0 0.0 0.0 0.0 0.0 0.0 0.0 8527.0 13219.0 10132.0 29142.0 20644.0 1647.0 13244.0 10157.0 29187.0 20669.0 3003.0 3250.0 0.0 
70000.0 2.0 0.0 2.0 0.0 0.0 0.0 0.0 0.0 0.0 34240.0 34913.0 26583.0 23593.0 15114.0 11222.0 2000.0 2000.0 1000.0 500.0 500.0 2000.0 0.0 
140000.0 1.0 0.0 2.0 0.0 0.0 2.0 0.0 0.0 0.0 47422.0 52831.0 51345.0 49734.0 50476.0 50751.0 6800.0 8.0 1718.0 4000.0 2001.0 1879.0 0.0 
50000.0 2.0 1.0 2.0 0.0 0.0 0.0 0.0 0.0 0.0 24202.0 23664.0 21780.0 22722.0 21907.0 2917.0 1340.0 1402.0 1344.0 1002.0 58.0 29.0 0.0 
50000.0 2.0 1.0 2.0 2.0 2.0 0.0 0.0 0.0 0.0 4338.0 0.0 0.0 0.0 0.0 74.0 0.0 0.0 0.0 0.0 74.0 390.0 1.0 
210000.0 1.0 1.0 2.0 0.0 0.0 0.0 0.0 0.0 0.0 -163.0 -163.0 -163.0 -65167.0 -168.0 2999.0 0.0 0.0 5530.0 84332.0 21500.0 30000.0 1.0 
460000.0 1.0 1.0 1.0 2.0 0.0 0.0 0.0 0.0 0.0 171.0 2715.0 -13.0 2641.0 -10.0 22535.0 2728.0 0.0 2654.0 0.0 22545.0 0.0 1.0 
200000.0 2.0 0.0 1.0 0.0 0.0 0.0 0.0 0.0 0.0 11025.0 6959.0 887.0 1462.0 15195.0 17933.0 6959.0 887.0 1462.0 15195.0 17933.0 887.0 0.0 
60000.0 1.0 1.0 2.0 0.0 0.0 0.0 0.0 0.0 0.0 31348.0 50778.0 53407.0 19443.0 16597.0 18423.0 20109.0 5000.0 2000.0 1000.0 2000.0 1000.0 0.0 
360000.0 1.0 1.0 1.0 1.0 0.0 0.0 0.0 0.0 0.0 -130.0 -130.0 -130.0 -130.0 25619.0 -395.0 0.0 0.0 0.0 25749.0 0.0 0.0 1.0 
200000.0 2.0 1.0 2.0 1.0 2.0 2.0 2.0 2.0 2.0 171468.0 167214.0 180484.0 176111.0 184620.0 189518.0 0.0 16000.0 0.0 13000.0 8000.0 0.0 1.0 
200000.0 2.0 1.0 1.0 0.0 0.0 0.0 0.0 0.0 0.0 71561.0 74084.0 74770.0 75826.0 77741.0 79597.0 4000.0 3010.0 2600.0 3000.0 3000.0 3000.0 0.0 
10000.0 2.0 1.0 2.0 5.0 4.0 3.0 2.0 2.0 2.0 8541.0 8270.0 7995.0 7720.0 8224.0 7944.0 0.0 0.0 0.0 778.0 0.0 158.0 1.0 
240000.0 1.0 1.0 1.0 0.0 0.0 0.0 0.0 0.0 0.0 1051.0 475.0 1051.0 671.0 291.0 671.0 475.0 1051.0 671.0 291.0 671.0 671.0 0.0 
20000.0 1.0 1.0 2.0 2.0 2.0 2.0 2.0 4.0 3.0 15586.0 16649.0 16090.0 20648.0 19759.0 19160.0 1609.0 0.0 5148.0 0.0 0.0 0.0 1.0 
270000.0 1.0 1.0 1.0 2.0 2.0 2.0 0.0 0.0 0.0 53624.0 67736.0 63082.0 73568.0 77642.0 73452.0 15018.0 0.0 20000.0 5000.0 10000.0 0.0 1.0 
120000.0 2.0 1.0 2.0 2.0 2.0 0.0 0.0 0.0 0.0 500.0 0.0 0.0 41150.0 0.0 125.0 0.0 0.0 41150.0 0.0 125.0 0.0 1.0 
60000.0 2.0 1.0 1.0 0.0 0.0 0.0 0.0 0.0 0.0 19813.0 20064.0 23213.0 20383.0 18431.0 18702.0 5000.0 5000.0 2000.0 1000.0 2000.0 1000.0 0.0 
60000.0 2.0 0.0 1.0 0.0 0.0 0.0 0.0 0.0 0.0 49890.0 51060.0 52236.0 54362.0 55458.0 56767.0 2000.0 2000.0 3000.0 2000.0 2200.0 2500.0 0.0 
80000.0 2.0 0.0 1.0 0.0 0.0 0.0 0.0 0.0 0.0 77480.0 75329.0 64228.0 49103.0 48649.0 49701.0 3000.0 2500.0 1800.0 2000.0 1800.0 2000.0 1.0 
240000.0 1.0 0.0 1.0 0.0 0.0 0.0 0.0 0.0 0.0 230131.0 216824.0 219487.0 151295.0 228276.0 233079.0 8500.0 6900.0 6000.0 80000.0 8600.0 9000.0 0.0 
120000.0 2.0 1.0 2.0 0.0 0.0 0.0 2.0 0.0 0.0 75982.0 78213.0 82563.0 78273.0 79914.0 81514.0 3451.0 6275.0 0.0 2898.0 2926.0 6210.0 0.0 
20000.0 1.0 0.0 2.0 4.0 3.0 2.0 0.0 0.0 0.0 20569.0 19927.0 16371.0 17291.0 18001.0 18706.0 0.0 0.0 1500.0 1000.0 1000.0 836.0 1.0 
70000.0 2.0 1.0 2.0 2.0 0.0 0.0 2.0 2.0 2.0 41087.0 42445.0 45020.0 44006.0 46905.0 46012.0 2007.0 3582.0 0.0 3601.0 0.0 1820.0 1.0 
50000.0 2.0 1.0 2.0 0.0 0.0 0.0 0.0 0.0 0.0 50834.0 50770.0 50215.0 29386.0 29527.0 30125.0 2200.0 1517.0 1000.0 1500.0 2005.0 1305.0 1.0 
30000.0 2.0 1.0 2.0 0.0 0.0 0.0 0.0 0.0 0.0 28049.0 27383.0 25728.0 26521.0 23593.0 21963.0 2000.0 1500.0 2000.0 1000.0 1000.0 1000.0 0.0 
150000.0 2.0 1.0 1.0 1.0 0.0 2.0 2.0 0.0 0.0 0.0 1505.0 1333.0 0.0 0.0 1930.0 1505.0 0.0 0.0 0.0 1930.0 0.0 1.0 
80000.0 1.0 0.0 1.0 0.0 0.0 0.0 0.0 0.0 0.0 22381.0 11420.0 7021.0 6157.0 7606.0 3432.0 1500.0 3000.0 6157.0 1500.0 138.0 59.0 1.0 
120000.0 1.0 1.0 1.0 1.0 2.0 2.0 2.0 2.0 2.0 114127.0 117131.0 114496.0 120538.0 115975.0 116937.0 7000.0 1500.0 9975.0 0.0 8000.0 0.0 1.0 
60000.0 1.0 1.0 2.0 2.0 2.0 2.0 0.0 0.0 0.0 48945.0 52362.0 51255.0 52119.0 52866.0 53969.0 4549.0 0.0 2313.0 2044.0 2110.0 2500.0 1.0 
140000.0 1.0 1.0 1.0 0.0 0.0 0.0 0.0 0.0 0.0 135206.0 135316.0 134943.0 135772.0 138675.0 137197.0 5082.0 5008.0 5000.0 6016.0 5018.0 5264.0 0.0 
140000.0 1.0 1.0 1.0 0.0 0.0 0.0 0.0 0.0 0.0 70649.0 72069.0 74140.0 76421.0 82223.0 84296.0 3100.0 3140.0 3421.0 7000.0 3296.0 3283.0 0.0 
260000.0 1.0 1.0 2.0 0.0 0.0 0.0 0.0 0.0 0.0 1198.0 1198.0 1198.0 1198.0 1198.0 1198.0 1198.0 1198.0 1198.0 1198.0 1198.0 1198.0 0.0 
480000.0 1.0 1.0 2.0 0.0 0.0 0.0 0.0 0.0 0.0 2900.0 17646.0 0.0 15620.0 5200.0 1355.0 17646.0 0.0 15620.0 5200.0 1355.0 2750.0 0.0 
60000.0 1.0 0.0 1.0 1.0 2.0 2.0 0.0 0.0 2.0 29295.0 30321.0 31018.0 32193.0 34213.0 35002.0 1800.0 1500.0 2000.0 2700.0 1500.0 0.0 1.0 
180000.0 1.0 1.0 1.0 0.0 0.0 0.0 0.0 0.0 0.0 6854.0 560.0 10600.0 0.0 9510.0 9510.0 560.0 10600.0 0.0 9510.0 0.0 4600.0 0.0 
30000.0 1.0 0.0 1.0 0.0 0.0 0.0 0.0 0.0 0.0 10056.0 11387.0 12192.0 12986.0 13775.0 14393.0 1500.0 1300.0 1000.0 1000.0 1000.0 1000.0 0.0 
60000.0 2.0 1.0 3.0 1.0 1.0 0.0 0.0 0.0 0.0 58574.0 -1540.0 -1930.0 -2320.0 -1220.0 0.0 0.0 0.0 0.0 2000.0 2000.0 0.0 1.0 
120000.0 1.0 1.0 2.0 0.0 0.0 0.0 0.0 0.0 0.0 1316.0 1316.0 1316.0 533.0 4116.0 9834.0 1316.0 1316.0 533.0 4116.0 9834.0 7100.0 0.0 
220000.0 1.0 1.0 2.0 0.0 0.0 2.0 2.0 0.0 0.0 170352.0 182711.0 183825.0 142216.0 118269.0 14960.0 15206.0 6000.0 0.0 5193.0 546.0 1485.0 1.0 
100000.0 2.0 1.0 2.0 2.0 0.0 0.0 0.0 0.0 0.0 4523.0 7267.0 9967.0 19706.0 20378.0 22038.0 3000.0 3000.0 10000.0 1000.0 2000.0 4000.0 1.0 
300000.0 1.0 1.0 2.0 0.0 0.0 0.0 0.0 0.0 0.0 271928.0 274915.0 279570.0 241030.0 228125.0 215438.0 10230.0 9483.0 8172.0 8081.0 7707.0 7981.0 0.0 
240000.0 2.0 1.0 2.0 0.0 2.0 2.0 0.0 0.0 0.0 5018.0 2300.0 0.0 2500.0 0.0 0.0 0.0 200.0 2500.0 0.0 0.0 0.0 1.0 
140000.0 1.0 1.0 2.0 0.0 0.0 0.0 0.0 0.0 0.0 0.0 935.0 1490.0 0.0 3938.0 0.0 935.0 1490.0 0.0 3938.0 1160.0 0.0 0.0 
30000.0 1.0 1.0 1.0 0.0 0.0 0.0 0.0 0.0 0.0 20893.0 22206.0 19273.0 16469.0 14670.0 11214.0 2007.0 2000.0 2000.0 417.0 1500.0 1500.0 0.0 
200000.0 2.0 1.0 2.0 0.0 0.0 0.0 0.0 0.0 0.0 12557.0 11443.0 4794.0 11720.0 12293.0 10798.0 1084.0 1024.0 11726.0 2608.0 344.0 253.0 0.0 
70000.0 2.0 1.0 1.0 0.0 0.0 0.0 0.0 0.0 0.0 59331.0 57786.0 58608.0 28105.0 30656.0 32674.0 3500.0 3000.0 3000.0 3000.0 3000.0 3000.0 0.0 
50000.0 2.0 1.0 2.0 2.0 2.0 2.0 0.0 0.0 0.0 49559.0 49548.0 50148.0 48910.0 29848.0 26159.0 1100.0 1700.0 1500.0 1000.0 1000.0 1300.0 1.0 
400000.0 2.0 1.0 1.0 0.0 0.0 0.0 0.0 0.0 0.0 10985.0 2441.0 16046.0 2483.0 10719.0 1722.0 2441.0 16046.0 2483.0 10719.0 1722.0 2836.0 0.0 
100000.0 2.0 1.0 1.0 2.0 2.0 0.0 0.0 2.0 0.0 97229.0 94777.0 95634.0 65828.0 61621.0 62756.0 0.0 2924.0 5226.0 0.0 2278.0 2292.0 1.0 
50000.0 2.0 0.0 1.0 0.0 0.0 0.0 0.0 0.0 0.0 37201.0 27863.0 27712.0 28433.0 21449.0 20688.0 1503.0 1352.0 1073.0 1077.0 900.0 1000.0 0.0 
30000.0 2.0 1.0 2.0 0.0 0.0 0.0 0.0 0.0 0.0 0.0 1330.0 2988.0 0.0 30000.0 0.0 1330.0 2988.0 0.0 30000.0 0.0 1219.0 0.0 
90000.0 2.0 1.0 2.0 1.0 2.0 0.0 0.0 0.0 0.0 9370.0 9078.0 10267.0 10350.0 10564.0 10771.0 0.0 1500.0 550.0 529.0 531.0 550.0 1.0 
300000.0 2.0 0.0 2.0 1.0 0.0 0.0 0.0 0.0 0.0 -3928.0 -5973.0 4735.0 6186.0 116.0 14429.0 1720.0 344467.0 6822.0 49.0 15000.0 12000.0 1.0 
280000.0 1.0 1.0 1.0 0.0 0.0 0.0 0.0 0.0 0.0 202260.0 102097.0 104596.0 106950.0 87706.0 88396.0 4000.0 4000.0 4000.0 3000.0 3600.0 3100.0 0.0 
10000.0 1.0 1.0 2.0 0.0 0.0 0.0 0.0 0.0 0.0 9984.0 9974.0 9900.0 9941.0 9250.0 9403.0 1300.0 1300.0 1041.0 1000.0 2000.0 464.0 0.0 
30000.0 2.0 1.0 1.0 1.0 2.0 0.0 0.0 0.0 0.0 26840.0 25311.0 25906.0 25494.0 24986.0 24915.0 0.0 1804.0 1200.0 500.0 737.0 0.0 1.0 
120000.0 2.0 1.0 2.0 3.0 2.0 2.0 5.0 5.0 4.0 1250.0 1250.0 1250.0 1250.0 1250.0 650.0 0.0 0.0 0.0 0.0 0.0 0.0 0.0 
30000.0 2.0 0.0 1.0 2.0 2.0 0.0 0.0 0.0 0.0 35647.0 34775.0 35946.0 37685.0 33305.0 28305.0 0.0 1733.0 2452.0 1072.0 1089.0 3101.0 0.0 
30000.0 2.0 0.0 1.0 2.0 2.0 2.0 2.0 2.0 2.0 19608.0 20696.0 20071.0 21432.0 21704.0 21205.0 1700.0 0.0 2000.0 760.0 0.0 2000.0 1.0 
50000.0 2.0 0.0 2.0 0.0 0.0 0.0 0.0 0.0 0.0 47486.0 47963.0 33499.0 19227.0 19334.0 19735.0 1703.0 1304.0 680.0 696.0 717.0 677.0 0.0 
50000.0 2.0 1.0 2.0 0.0 0.0 0.0 0.0 0.0 0.0 15167.0 16393.0 14195.0 14859.0 9446.0 7246.0 1523.0 1353.0 1017.0 1000.0 1000.0 0.0 0.0 
10000.0 2.0 1.0 2.0 0.0 0.0 2.0 0.0 0.0 0.0 6967.0 9199.0 8908.0 9676.0 9680.0 8343.0 2523.0 0.0 1000.0 4.0 167.0 3535.0 0.0 
120000.0 2.0 1.0 2.0 0.0 0.0 0.0 2.0 2.0 2.0 105356.0 107588.0 115372.0 112027.0 119702.0 121650.0 3931.0 9600.0 0.0 9500.0 4100.0 0.0 0.0 
180000.0 1.0 1.0 2.0 1.0 2.0 0.0 0.0 0.0 0.0 124233.0 125768.0 126202.0 127677.0 99764.0 0.0 5000.0 4200.0 3000.0 5000.0 2000.0 0.0 1.0 
60000.0 2.0 1.0 2.0 1.0 2.0 2.0 0.0 0.0 0.0 45014.0 45698.0 39068.0 51205.0 54520.0 55964.0 1774.0 0.0 12858.0 4166.0 2350.0 3300.0 0.0 
420000.0 2.0 1.0 1.0 0.0 0.0 0.0 0.0 0.0 0.0 373978.0 389754.0 366938.0 361024.0 354813.0 344221.0 33808.0 14996.0 13209.0 12890.0 11081.0 16298.0 1.0 
70000.0 1.0 0.0 1.0 0.0 0.0 0.0 0.0 0.0 0.0 62188.0 62848.0 56718.0 47191.0 45959.0 47635.0 3000.0 2200.0 1700.0 1700.0 2441.0 2000.0 0.0 
70000.0 2.0 1.0 1.0 0.0 0.0 0.0 0.0 0.0 0.0 18379.0 19571.0 22729.0 24346.0 24940.0 25539.0 1500.0 3500.0 2000.0 1000.0 1000.0 1500.0 0.0 
290000.0 2.0 1.0 2.0 0.0 0.0 0.0 0.0 0.0 0.0 413.0 486.0 820.0 60.0 1773.0 3904.0 486.0 820.0 60.0 1773.0 3904.0 0.0 0.0 
30000.0 1.0 0.0 2.0 1.0 0.0 2.0 0.0 0.0 0.0 -857.0 29237.0 1170.0 780.0 10500.0 0.0 30484.0 0.0 0.0 10500.0 0.0 0.0 1.0 
50000.0 2.0 1.0 2.0 0.0 0.0 0.0 0.0 0.0 0.0 836.0 10214.0 10057.0 9221.0 8808.0 3861.0 10214.0 2000.0 0.0 423.0 3861.0 3665.0 0.0 
30000.0 2.0 1.0 2.0 0.0 0.0 0.0 0.0 0.0 0.0 18424.0 18905.0 15037.0 2986.0 4212.0 1161.0 1311.0 1065.0 1000.0 1226.0 1161.0 748.0 0.0 
240000.0 1.0 1.0 1.0 0.0 0.0 0.0 0.0 0.0 0.0 72339.0 91045.0 91027.0 51508.0 51127.0 0.0 20000.0 2213.0 1030.0 1023.0 6790.0 10893.0 0.0 
50000.0 2.0 1.0 2.0 0.0 0.0 0.0 0.0 0.0 0.0 501.0 1463.0 1276.0 827.0 105.0 270.0 1463.0 1276.0 827.0 105.0 270.0 573.0 0.0 
70000.0 1.0 1.0 1.0 0.0 0.0 0.0 0.0 0.0 0.0 60040.0 55274.0 51766.0 51757.0 50013.0 49946.0 2600.0 1800.0 2000.0 3140.0 2000.0 1800.0 0.0 
320000.0 2.0 1.0 1.0 2.0 0.0 0.0 0.0 0.0 0.0 520651.0 383123.0 391741.0 400196.0 408503.0 156881.0 10000.0 11000.0 11000.0 10800.0 5992.0 4967.0 1.0 
20000.0 2.0 0.0 2.0 1.0 0.0 0.0 0.0 0.0 0.0 -8.0 4485.0 0.0 0.0 0.0 0.0 13148.0 433.0 0.0 0.0 0.0 0.0 1.0 
20000.0 1.0 1.0 2.0 2.0 0.0 0.0 2.0 2.0 2.0 4127.0 5557.0 7458.0 7192.0 7923.0 7647.0 1500.0 2000.0 0.0 1000.0 0.0 1000.0 1.0 
70000.0 2.0 0.0 1.0 1.0 0.0 0.0 2.0 0.0 0.0 30950.0 33087.0 42935.0 28346.0 27279.0 28976.0 3107.0 48323.0 0.0 2001.0 3000.0 3003.0 1.0 
50000.0 2.0 0.0 2.0 0.0 0.0 0.0 0.0 0.0 0.0 48155.0 49157.0 50417.0 48371.0 15417.0 16194.0 1798.0 2058.0 1683.0 600.0 1017.0 20698.0 0.0 
70000.0 1.0 1.0 2.0 0.0 0.0 0.0 0.0 0.0 0.0 120766.0 55164.0 41549.0 31966.0 31071.0 30476.0 4000.0 2000.0 1500.0 1200.0 1500.0 1500.0 0.0 
50000.0 1.0 1.0 2.0 2.0 0.0 0.0 0.0 0.0 0.0 48508.0 45951.0 44013.0 28094.0 29138.0 30625.0 2500.0 2000.0 1200.0 1500.0 2000.0 1500.0 1.0 
170000.0 2.0 1.0 1.0 2.0 0.0 2.0 0.0 0.0 0.0 193.0 3760.0 3500.0 7190.0 9000.0 0.0 3760.0 0.0 7190.0 9000.0 0.0 0.0 1.0 
50000.0 2.0 1.0 2.0 0.0 0.0 0.0 0.0 0.0 0.0 67570.0 61248.0 54707.0 29250.0 29905.0 29519.0 3000.0 3000.0 2100.0 1500.0 1300.0 1200.0 0.0 
230000.0 2.0 1.0 1.0 0.0 0.0 2.0 0.0 0.0 0.0 878.0 9567.0 3074.0 3660.0 3790.0 6006.0 9574.0 0.0 3660.0 3790.0 6006.0 5647.0 0.0 
30000.0 1.0 1.0 2.0 1.0 2.0 2.0 2.0 2.0 2.0 10916.0 11940.0 11462.0 13263.0 12758.0 13545.0 1500.0 0.0 2300.0 0.0 1300.0 800.0 1.0 
70000.0 2.0 1.0 2.0 0.0 0.0 0.0 0.0 0.0 0.0 53690.0 54374.0 47762.0 44487.0 45618.0 46706.0 2208.0 1800.0 2000.0 2000.0 2000.0 3000.0 0.0 
30000.0 2.0 1.0 1.0 0.0 0.0 0.0 0.0 0.0 0.0 30497.0 30665.0 30945.0 31070.0 30969.0 30620.0 1800.0 1900.0 1776.0 1500.0 1100.0 2504.0 0.0 
70000.0 1.0 1.0 2.0 1.0 2.0 0.0 0.0 0.0 2.0 24635.0 23020.0 22496.0 22070.0 22101.0 20724.0 1100.0 1703.0 1000.0 1800.0 0.0 900.0 1.0 
50000.0 2.0 1.0 2.0 0.0 0.0 0.0 0.0 0.0 0.0 48408.0 47563.0 41319.0 25110.0 20478.0 20258.0 1774.0 2100.0 1609.0 1000.0 1000.0 1000.0 0.0 
60000.0 2.0 1.0 1.0 0.0 0.0 0.0 0.0 0.0 0.0 50615.0 50200.0 19567.0 29035.0 27762.0 27740.0 1619.0 1429.0 31426.0 969.0 998.0 1545.0 0.0 
60000.0 1.0 0.0 1.0 0.0 0.0 0.0 0.0 0.0 0.0 36343.0 27996.0 25656.0 16907.0 15837.0 11195.0 5140.0 3008.0 3000.0 6000.0 2000.0 3000.0 0.0 
120000.0 2.0 1.0 2.0 0.0 0.0 0.0 0.0 0.0 0.0 78304.0 79348.0 81881.0 82628.0 84404.0 86096.0 2900.0 3850.0 3000.0 3100.0 3088.0 3151.0 0.0 
50000.0 2.0 1.0 2.0 0.0 0.0 0.0 0.0 0.0 0.0 19869.0 15584.0 4377.0 0.0 0.0 0.0 15584.0 4377.0 0.0 0.0 0.0 0.0 0.0 
60000.0 2.0 1.0 2.0 0.0 0.0 0.0 0.0 2.0 2.0 60434.0 60935.0 56585.0 77520.0 29002.0 30274.0 2141.0 3085.0 3623.0 0.0 3158.0 0.0 0.0 
30000.0 2.0 1.0 1.0 2.0 2.0 2.0 2.0 2.0 2.0 24014.0 25891.0 27385.0 27834.0 28241.0 28130.0 2274.0 2217.0 1200.0 1000.0 500.0 2000.0 1.0 
200000.0 1.0 1.0 1.0 1.0 0.0 0.0 0.0 0.0 0.0 736.0 736.0 736.0 736.0 736.0 316.0 736.0 736.0 736.0 736.0 316.0 1156.0 1.0 
50000.0 2.0 0.0 1.0 1.0 0.0 0.0 0.0 0.0 0.0 -639.0 -639.0 -1800.0 0.0 0.0 0.0 0.0 900.0 1800.0 0.0 0.0 0.0 1.0 
400000.0 1.0 1.0 2.0 2.0 2.0 2.0 2.0 2.0 2.0 50747.0 49666.0 52727.0 51286.0 55077.0 55500.0 0.0 4500.0 0.0 4800.0 1600.0 0.0 0.0 
200000.0 1.0 1.0 1.0 7.0 6.0 5.0 4.0 3.0 2.0 254266.0 240966.0 228663.0 217600.0 208432.0 200057.0 0.0 328.0 0.0 0.0 600.0 2500.0 1.0 
70000.0 2.0 1.0 2.0 0.0 0.0 0.0 0.0 0.0 0.0 57034.0 58224.0 59158.0 60675.0 62047.0 65298.0 2700.0 2500.0 2500.0 2500.0 4300.0 3000.0 0.0 
10000.0 2.0 1.0 2.0 0.0 0.0 0.0 0.0 0.0 0.0 390.0 390.0 780.0 17585.0 18301.0 18663.0 390.0 780.0 17585.0 1000.0 667.0 692.0 1.0 
80000.0 2.0 1.0 2.0 2.0 2.0 2.0 2.0 2.0 2.0 23787.0 23124.0 26700.0 27064.0 27685.0 27091.0 0.0 4300.0 1100.0 1200.0 0.0 2500.0 1.0 
140000.0 2.0 0.0 1.0 0.0 0.0 0.0 0.0 0.0 0.0 139153.0 141383.0 140700.0 137365.0 137209.0 138934.0 6006.0 5000.0 5000.0 5120.0 5200.0 4800.0 0.0 
140000.0 2.0 1.0 2.0 0.0 0.0 0.0 0.0 0.0 0.0 10281.0 32163.0 20421.0 19573.0 11611.0 0.0 32172.0 1476.0 2140.0 1000.0 0.0 0.0 0.0 
30000.0 1.0 1.0 2.0 1.0 3.0 2.0 2.0 0.0 0.0 31305.0 30527.0 30789.0 29504.0 30276.0 29695.0 0.0 1060.0 0.0 1251.0 1078.0 1243.0 1.0 
110000.0 1.0 1.0 1.0 0.0 0.0 0.0 0.0 0.0 0.0 108227.0 107529.0 108483.0 73177.0 51043.0 60581.0 4200.0 4306.0 1662.0 1170.0 60604.0 5000.0 0.0 
200000.0 2.0 1.0 1.0 2.0 0.0 0.0 0.0 0.0 0.0 197810.0 201362.0 164183.0 136199.0 139209.0 135742.0 9051.0 7000.0 5000.0 5000.0 5000.0 5000.0 1.0 
60000.0 2.0 1.0 1.0 0.0 0.0 0.0 0.0 0.0 0.0 25158.0 18473.0 7506.0 4790.0 6388.0 5816.0 5000.0 1508.0 4790.0 6388.0 6046.0 17806.0 0.0 
140000.0 2.0 1.0 2.0 2.0 2.0 2.0 0.0 0.0 2.0 26450.0 28823.0 28171.0 28740.0 30454.0 29930.0 3007.0 0.0 924.0 2070.0 0.0 3000.0 0.0 
200000.0 2.0 1.0 1.0 0.0 0.0 0.0 0.0 0.0 0.0 1875.0 2239.0 316.0 2681.0 3486.0 2296.0 2239.0 316.0 2681.0 3486.0 2296.0 3413.0 0.0 
160000.0 1.0 1.0 1.0 2.0 0.0 0.0 0.0 0.0 0.0 833.0 833.0 833.0 833.0 833.0 833.0 833.0 833.0 833.0 833.0 833.0 833.0 1.0 
120000.0 2.0 1.0 2.0 1.0 0.0 0.0 0.0 0.0 0.0 -93.0 936.0 0.0 680.0 0.0 0.0 1029.0 0.0 680.0 0.0 0.0 1381.0 1.0 
60000.0 2.0 1.0 1.0 2.0 0.0 0.0 0.0 0.0 0.0 60099.0 60983.0 55595.0 54940.0 47959.0 29763.0 2500.0 2006.0 5000.0 2000.0 2000.0 0.0 1.0 
200000.0 2.0 0.0 1.0 0.0 0.0 0.0 0.0 0.0 0.0 390.0 390.0 390.0 390.0 390.0 390.0 390.0 390.0 390.0 390.0 390.0 540.0 0.0 
180000.0 1.0 1.0 1.0 1.0 2.0 2.0 2.0 2.0 2.0 133424.0 134835.0 131176.0 139976.0 138325.0 146136.0 5000.0 0.0 11000.0 700.0 10300.0 0.0 1.0 
110000.0 2.0 1.0 2.0 2.0 2.0 2.0 2.0 2.0 2.0 91773.0 93892.0 94652.0 97097.0 98097.0 100361.0 4550.0 3150.0 4900.0 3500.0 4000.0 3900.0 1.0 
30000.0 2.0 1.0 2.0 0.0 0.0 0.0 0.0 0.0 0.0 24482.0 25571.0 26294.0 27308.0 27853.0 28504.0 1800.0 1441.0 1455.0 1000.0 1100.0 2500.0 0.0 
300000.0 2.0 1.0 2.0 0.0 0.0 0.0 2.0 0.0 2.0 2984.0 -46.0 154.0 154.0 1626.0 976.0 0.0 200.0 0.0 1626.0 0.0 0.0 0.0 
50000.0 2.0 1.0 2.0 0.0 0.0 2.0 2.0 2.0 2.0 10532.0 13145.0 12637.0 13922.0 13556.0 14528.0 2800.0 0.0 1500.0 0.0 1200.0 0.0 0.0 
30000.0 2.0 1.0 2.0 0.0 0.0 0.0 0.0 0.0 0.0 30336.0 29965.0 28048.0 29775.0 27736.0 26956.0 3005.0 2000.0 3000.0 3000.0 2000.0 2000.0 0.0 
200000.0 1.0 1.0 2.0 0.0 0.0 0.0 0.0 0.0 0.0 9167.0 200.0 198.0 18154.0 13677.0 2018.0 200.0 198.0 18156.0 0.0 1150.0 0.0 0.0 
240000.0 2.0 1.0 2.0 0.0 0.0 0.0 0.0 0.0 0.0 23094.0 18951.0 18977.0 12055.0 7878.0 5531.0 2009.0 2000.0 300.0 1000.0 2000.0 2000.0 0.0 
200000.0 2.0 1.0 1.0 0.0 0.0 0.0 0.0 0.0 0.0 4833.0 6370.0 2342.0 810.0 9743.0 1000.0 6370.0 2342.0 810.0 10253.0 1000.0 7079.0 0.0 
100000.0 1.0 0.0 1.0 0.0 0.0 0.0 0.0 5.0 4.0 37082.0 46041.0 59526.0 72823.0 71105.0 69424.0 10000.0 15000.0 15000.0 0.0 0.0 0.0 0.0 
200000.0 2.0 1.0 2.0 0.0 0.0 0.0 0.0 0.0 0.0 180887.0 166921.0 155945.0 109271.0 36753.0 78079.0 10000.0 30000.0 7.0 7000.0 73000.0 700.0 0.0 
30000.0 2.0 1.0 2.0 1.0 2.0 2.0 2.0 2.0 2.0 14149.0 15171.0 14635.0 15318.0 14930.0 16562.0 1543.0 0.0 1226.0 0.0 1882.0 0.0 1.0 
250000.0 1.0 1.0 1.0 2.0 2.0 2.0 0.0 0.0 2.0 29086.0 33288.0 32459.0 34600.0 36539.0 38287.0 5000.0 0.0 3000.0 2500.0 2500.0 0.0 1.0 
240000.0 2.0 1.0 2.0 0.0 0.0 0.0 0.0 0.0 0.0 1154.0 1154.0 0.0 1954.0 0.0 0.0 1154.0 0.0 1954.0 0.0 0.0 0.0 0.0 
50000.0 2.0 1.0 1.0 1.0 2.0 2.0 2.0 2.0 2.0 20293.0 21657.0 23012.0 23338.0 23658.0 23139.0 2000.0 2000.0 1000.0 1000.0 0.0 1500.0 1.0 
300000.0 1.0 1.0 1.0 1.0 0.0 0.0 0.0 0.0 0.0 114324.0 238058.0 236220.0 233586.0 234661.0 233304.0 244500.0 8613.0 8000.0 11000.0 8093.0 6399.0 1.0 
200000.0 1.0 1.0 1.0 0.0 0.0 0.0 0.0 0.0 0.0 4670.0 4670.0 4670.0 4670.0 4670.0 4670.0 4670.0 4670.0 4670.0 4670.0 4670.0 4670.0 0.0 
150000.0 2.0 1.0 1.0 1.0 2.0 0.0 0.0 0.0 0.0 42932.0 42010.0 46007.0 47978.0 49100.0 50181.0 0.0 5000.0 3000.0 2000.0 2000.0 2000.0 1.0 
140000.0 2.0 1.0 1.0 0.0 0.0 0.0 0.0 0.0 0.0 47922.0 49930.0 51980.0 54606.0 55220.0 56527.0 2710.0 2760.0 3386.0 2000.0 2082.0 2000.0 0.0 
200000.0 1.0 1.0 2.0 0.0 0.0 0.0 0.0 0.0 0.0 103194.0 107027.0 107765.0 109970.0 113436.0 115402.0 5500.0 4000.0 4000.0 5242.0 5000.0 4400.0 0.0 
280000.0 2.0 1.0 1.0 0.0 0.0 0.0 0.0 0.0 0.0 58983.0 60788.0 63225.0 29701.0 30172.0 30771.0 2755.0 3463.0 1300.0 1100.0 1100.0 2000.0 0.0 
50000.0 2.0 0.0 1.0 0.0 0.0 0.0 0.0 0.0 0.0 46138.0 47164.0 47602.0 37280.0 18678.0 18602.0 2182.0 2400.0 1000.0 18678.0 600.0 500.0 0.0 
50000.0 2.0 0.0 1.0 0.0 0.0 2.0 2.0 2.0 2.0 25347.0 29766.0 26283.0 28198.0 23159.0 23089.0 4881.0 0.0 4087.0 0.0 1798.0 0.0 0.0 
190000.0 2.0 1.0 2.0 0.0 0.0 0.0 0.0 0.0 0.0 46923.0 48666.0 49347.0 50386.0 43883.0 34412.0 2500.0 2000.0 3000.0 2000.0 2000.0 2000.0 0.0 
200000.0 1.0 0.0 1.0 0.0 0.0 0.0 2.0 0.0 0.0 1749.0 3939.0 7856.0 3640.0 3656.0 6273.0 3000.0 4031.0 5.0 16.0 6005.0 733.0 1.0 
70000.0 2.0 1.0 2.0 0.0 0.0 0.0 0.0 0.0 0.0 64860.0 64533.0 48493.0 48824.0 19000.0 39000.0 2200.0 3000.0 1400.0 500.0 20000.0 0.0 0.0 
200000.0 2.0 1.0 1.0 1.0 0.0 0.0 0.0 0.0 0.0 -2.0 758.0 998.0 668.0 9815.0 36870.0 760.0 1000.0 670.0 9852.0 40063.0 1049.0 0.0 
120000.0 1.0 1.0 1.0 0.0 0.0 0.0 0.0 0.0 0.0 106552.0 110787.0 112900.0 0.0 0.0 0.0 6000.0 5500.0 0.0 0.0 0.0 0.0 0.0 
560000.0 1.0 1.0 2.0 0.0 0.0 0.0 0.0 0.0 0.0 487816.0 471138.0 454471.0 432132.0 285868.0 291140.0 15933.0 17065.0 14878.0 8505.0 9027.0 8527.0 0.0 
200000.0 1.0 0.0 2.0 1.0 2.0 2.0 3.0 2.0 2.0 138839.0 142121.0 193777.0 189225.0 192304.0 188695.0 7001.0 56100.0 5.0 7269.0 28.0 5828.0 1.0 
400000.0 2.0 1.0 2.0 0.0 0.0 0.0 0.0 0.0 0.0 7912.0 4220.0 3364.0 2832.0 34967.0 38706.0 4220.0 3364.0 2500.0 34967.0 10000.0 22600.0 0.0 
50000.0 2.0 1.0 1.0 2.0 0.0 0.0 2.0 2.0 0.0 62643.0 59851.0 65545.0 62672.0 57755.0 55512.0 2151.0 10000.0 2100.0 0.0 2000.0 1861.0 1.0 
260000.0 2.0 0.0 2.0 0.0 0.0 0.0 0.0 0.0 0.0 6783.0 0.0 0.0 0.0 0.0 0.0 0.0 0.0 0.0 0.0 0.0 0.0 0.0 
280000.0 2.0 1.0 2.0 0.0 0.0 0.0 0.0 0.0 0.0 93982.0 105695.0 77704.0 0.0 0.0 0.0 15000.0 40000.0 0.0 0.0 0.0 336.0 0.0 
80000.0 2.0 1.0 2.0 0.0 0.0 0.0 2.0 0.0 0.0 81337.0 80290.0 82215.0 80422.0 78284.0 77270.0 2842.0 20412.0 0.0 3000.0 3000.0 3000.0 0.0 
90000.0 2.0 1.0 1.0 0.0 0.0 0.0 0.0 2.0 2.0 58043.0 61485.0 62540.0 81123.0 80073.0 82472.0 5003.0 5000.0 20000.0 10.0 10104.0 87.0 0.0 
210000.0 1.0 0.0 1.0 0.0 0.0 0.0 0.0 0.0 0.0 6460.0 3623.0 10325.0 8751.0 11920.0 8967.0 3623.0 10362.0 8751.0 11920.0 8967.0 7416.0 0.0 
400000.0 2.0 1.0 2.0 0.0 0.0 0.0 0.0 0.0 0.0 7622.0 38849.0 13586.0 19502.0 3809.0 4512.0 39097.0 13653.0 19617.0 3930.0 7021.0 24987.0 0.0 
30000.0 2.0 1.0 2.0 0.0 0.0 0.0 0.0 0.0 0.0 26264.0 27536.0 28771.0 27744.0 28302.0 29725.0 2000.0 2005.0 1000.0 1000.0 2250.0 0.0 0.0 
140000.0 2.0 1.0 2.0 2.0 2.0 3.0 2.0 0.0 0.0 137582.0 145941.0 142243.0 138383.0 131645.0 123840.0 12100.0 0.0 0.0 6000.0 5000.0 6000.0 1.0 
60000.0 2.0 1.0 1.0 0.0 0.0 2.0 0.0 0.0 0.0 34733.0 37460.0 36558.0 37945.0 38782.0 39582.0 3600.0 0.0 2000.0 1600.0 1600.0 1340.0 1.0 
200000.0 1.0 1.0 1.0 0.0 0.0 0.0 0.0 0.0 0.0 5879.0 5884.0 5171.0 4598.0 -95.0 -2175.0 5884.0 5171.0 4598.0 0.0 0.0 0.0 0.0 
10000.0 1.0 1.0 2.0 2.0 2.0 0.0 0.0 0.0 0.0 8837.0 7554.0 8287.0 9580.0 9267.0 10096.0 0.0 1500.0 2000.0 700.0 1500.0 0.0 1.0 
150000.0 2.0 1.0 2.0 2.0 2.0 2.0 0.0 0.0 0.0 63486.0 66741.0 744.0 5714.0 809.0 2315.0 4330.0 3.0 5762.0 813.0 2318.0 1616.0 1.0 
160000.0 2.0 1.0 1.0 0.0 0.0 0.0 0.0 0.0 0.0 326.0 326.0 326.0 652.0 326.0 476.0 326.0 326.0 652.0 0.0 476.0 326.0 0.0 
70000.0 2.0 1.0 2.0 0.0 0.0 0.0 0.0 0.0 0.0 22935.0 23963.0 24979.0 25665.0 26357.0 26768.0 1398.0 1414.0 1100.0 1104.0 1000.0 1155.0 0.0 
60000.0 2.0 1.0 2.0 0.0 0.0 0.0 0.0 0.0 0.0 58117.0 53986.0 47413.0 36527.0 28170.0 28963.0 2400.0 2050.0 2011.0 1200.0 1400.0 1200.0 0.0 
330000.0 2.0 1.0 2.0 0.0 0.0 0.0 0.0 0.0 0.0 565.0 20650.0 15360.0 0.0 12923.0 1816.0 20650.0 15360.0 0.0 12923.0 1816.0 17050.0 0.0 
200000.0 1.0 1.0 2.0 0.0 0.0 0.0 0.0 0.0 2.0 13124.0 11774.0 6328.0 4714.0 42184.0 39576.0 1058.0 6336.0 10.0 39585.0 39.0 1087.0 0.0 
100000.0 2.0 1.0 2.0 1.0 2.0 0.0 0.0 0.0 0.0 97271.0 88596.0 89218.0 63243.0 42510.0 41221.0 0.0 4950.0 2400.0 1200.0 1400.0 1203.0 1.0 
50000.0 2.0 1.0 2.0 0.0 0.0 0.0 0.0 0.0 0.0 50537.0 44686.0 38493.0 33769.0 34211.0 34944.0 2554.0 1900.0 1355.0 1300.0 1300.0 1500.0 0.0 
50000.0 2.0 0.0 1.0 0.0 0.0 0.0 0.0 0.0 0.0 45858.0 46315.0 47435.0 48290.0 49257.0 49345.0 2000.0 1865.0 1720.0 1687.0 1732.0 2007.0 0.0 
160000.0 1.0 1.0 1.0 2.0 3.0 2.0 0.0 0.0 0.0 79244.0 77441.0 75598.0 82277.0 84955.0 87549.0 0.0 0.0 8000.0 4000.0 4000.0 4000.0 1.0 
90000.0 2.0 1.0 1.0 0.0 0.0 0.0 0.0 0.0 0.0 92481.0 90698.0 80720.0 69788.0 63868.0 40136.0 3507.0 3328.0 2100.0 2542.0 3000.0 93245.0 0.0 
20000.0 1.0 1.0 2.0 1.0 2.0 2.0 0.0 0.0 0.0 17147.0 19557.0 18935.0 19005.0 17862.0 20393.0 3000.0 0.0 653.0 900.0 3000.0 27.0 1.0 
70000.0 2.0 1.0 2.0 0.0 0.0 0.0 0.0 0.0 0.0 67661.0 68482.0 69309.0 36808.0 37734.0 38353.0 3409.0 2908.0 1318.0 1520.0 1400.0 1524.0 0.0 
100000.0 2.0 1.0 2.0 2.0 0.0 0.0 2.0 2.0 2.0 40626.0 41945.0 45247.0 45208.0 46160.0 48268.0 2000.0 4000.0 1000.0 2000.0 3000.0 0.0 1.0 
90000.0 2.0 1.0 2.0 0.0 0.0 0.0 0.0 0.0 0.0 13141.0 14526.0 15482.0 18219.0 22737.0 23387.0 1600.0 1500.0 3000.0 5000.0 1020.0 764.0 0.0 
20000.0 1.0 1.0 1.0 2.0 2.0 2.0 0.0 0.0 0.0 20547.0 17089.0 15824.0 17840.0 18140.0 0.0 1250.0 0.0 30000.0 500.0 0.0 0.0 1.0 
220000.0 2.0 1.0 2.0 0.0 0.0 0.0 2.0 2.0 0.0 86957.0 85577.0 91266.0 88051.0 81803.0 79286.0 4000.0 12000.0 3100.0 0.0 2900.0 3000.0 1.0 
160000.0 2.0 1.0 2.0 2.0 2.0 2.0 2.0 2.0 2.0 147333.0 143786.0 151842.0 147962.0 156921.0 159416.0 200.0 12000.0 0.0 11500.0 5811.0 0.0 1.0 
20000.0 1.0 0.0 2.0 0.0 0.0 0.0 0.0 0.0 0.0 19624.0 16972.0 0.0 0.0 0.0 0.0 1000.0 0.0 0.0 0.0 0.0 0.0 1.0 
200000.0 1.0 1.0 2.0 0.0 0.0 0.0 0.0 0.0 2.0 7468.0 34399.0 36792.0 49648.0 33498.0 30895.0 30035.0 10008.0 15011.0 5010.0 153.0 14100.0 0.0 
30000.0 2.0 0.0 2.0 0.0 0.0 0.0 0.0 0.0 0.0 8922.0 6698.0 187.0 1187.0 0.0 1405.0 1275.0 187.0 1000.0 0.0 1405.0 623.0 0.0 
80000.0 2.0 0.0 1.0 0.0 0.0 0.0 2.0 0.0 0.0 25505.0 14696.0 1278.0 1107.0 16634.0 2136.0 1000.0 2278.0 0.0 17000.0 2500.0 0.0 0.0 
200000.0 2.0 1.0 2.0 0.0 0.0 0.0 0.0 0.0 0.0 1502.0 3806.0 0.0 4573.0 1242.0 0.0 3836.0 0.0 4573.0 1242.0 0.0 3239.0 0.0 
20000.0 1.0 0.0 1.0 2.0 2.0 2.0 2.0 2.0 0.0 14328.0 17196.0 17418.0 17608.0 17187.0 17528.0 3114.0 800.0 770.0 0.0 776.0 549.0 1.0 
20000.0 2.0 1.0 2.0 2.0 2.0 0.0 0.0 0.0 0.0 17311.0 0.0 0.0 0.0 4599.0 4779.0 0.0 0.0 0.0 4599.0 700.0 0.0 1.0 
110000.0 1.0 1.0 1.0 2.0 2.0 2.0 2.0 2.0 2.0 55753.0 56839.0 58039.0 58792.0 59620.0 60819.0 2600.0 2700.0 2300.0 2400.0 2300.0 2400.0 1.0 
70000.0 2.0 1.0 1.0 0.0 0.0 0.0 0.0 0.0 0.0 12857.0 13867.0 14897.0 15941.0 16376.0 16959.0 1530.0 1560.0 1600.0 1000.0 1000.0 2400.0 0.0 
50000.0 2.0 0.0 1.0 0.0 0.0 0.0 0.0 0.0 0.0 24203.0 23708.0 23609.0 22675.0 21628.0 20576.0 1367.0 1741.0 1280.0 706.0 700.0 776.0 0.0 
160000.0 1.0 1.0 1.0 0.0 0.0 0.0 2.0 2.0 0.0 34171.0 34939.0 38038.0 38683.0 37764.0 39053.0 1639.0 3683.0 1564.0 0.0 2053.0 3228.0 1.0 
30000.0 2.0 1.0 2.0 0.0 0.0 0.0 0.0 0.0 0.0 26951.0 27726.0 28561.0 18030.0 11467.0 12681.0 2000.0 1682.0 1500.0 1000.0 1408.0 800.0 0.0 
140000.0 1.0 1.0 1.0 0.0 0.0 0.0 0.0 0.0 0.0 780.0 16570.0 17378.0 12568.0 15678.0 15620.0 16570.0 1220.0 3000.0 3500.0 332.0 390.0 0.0 
200000.0 1.0 1.0 2.0 0.0 0.0 0.0 0.0 0.0 0.0 5838.0 2256.0 9552.0 4215.0 3400.0 3286.0 2256.0 9588.0 5135.0 3487.0 3295.0 7791.0 0.0 
160000.0 1.0 0.0 2.0 1.0 2.0 0.0 0.0 0.0 0.0 80166.0 34775.0 34073.0 15676.0 99436.0 90927.0 0.0 142848.0 1800.0 90000.0 3300.0 3400.0 1.0 
280000.0 1.0 0.0 1.0 0.0 0.0 0.0 0.0 0.0 0.0 4792.0 3410.0 2295.0 3105.0 582.0 14013.0 3410.0 2295.0 3105.0 582.0 14013.0 4240.0 0.0 
150000.0 1.0 1.0 2.0 2.0 2.0 2.0 2.0 2.0 2.0 36148.0 36858.0 35985.0 38687.0 37765.0 40352.0 1600.0 0.0 3300.0 0.0 3200.0 1700.0 1.0 
20000.0 2.0 1.0 2.0 0.0 0.0 0.0 0.0 0.0 0.0 15852.0 16861.0 17884.0 18590.0 18959.0 19347.0 1579.0 1602.0 1308.0 677.0 692.0 1577.0 0.0 
120000.0 1.0 0.0 1.0 1.0 2.0 2.0 2.0 2.0 2.0 110826.0 113572.0 114719.0 115736.0 117729.0 120601.0 6000.0 4500.0 4400.0 4000.0 5000.0 4700.0 1.0 
200000.0 2.0 1.0 1.0 0.0 0.0 0.0 2.0 0.0 0.0 7026.0 3815.0 4864.0 1958.0 805.0 3046.0 6599.0 5748.0 1958.0 805.0 3100.0 1311.0 0.0 
140000.0 2.0 1.0 2.0 0.0 0.0 0.0 0.0 0.0 0.0 63119.0 64240.0 64992.0 52809.0 51406.0 50328.0 2450.0 2226.0 2367.0 1740.0 1754.0 1818.0 0.0 
60000.0 1.0 1.0 2.0 0.0 0.0 0.0 0.0 0.0 0.0 1870.0 32603.0 32432.0 27976.0 25862.0 24571.0 32607.0 2119.0 3008.0 1006.0 1042.0 1001.0 0.0 
280000.0 2.0 1.0 1.0 0.0 2.0 0.0 0.0 0.0 0.0 832.0 416.0 416.0 416.0 59211.0 416.0 0.0 416.0 416.0 59211.0 0.0 378.0 0.0 
400000.0 2.0 1.0 2.0 0.0 0.0 0.0 0.0 0.0 0.0 20030.0 3497.0 6725.0 6016.0 8985.0 14705.0 3513.0 6742.0 1435.0 9030.0 14778.0 25730.0 0.0 
190000.0 2.0 1.0 2.0 0.0 0.0 0.0 0.0 0.0 0.0 174519.0 179122.0 182680.0 154753.0 90540.0 92248.0 9000.0 8382.0 10221.0 10000.0 3000.0 10490.0 1.0 
230000.0 2.0 1.0 1.0 2.0 2.0 2.0 2.0 2.0 2.0 186163.0 190784.0 195724.0 198707.0 201634.0 205949.0 9000.0 9300.0 7500.0 7500.0 7500.0 7500.0 1.0 
70000.0 2.0 1.0 2.0 0.0 0.0 0.0 0.0 0.0 0.0 68028.0 67864.0 59165.0 29314.0 28844.0 29443.0 3340.0 2044.0 1773.0 1181.0 1215.0 1297.0 0.0 
50000.0 1.0 1.0 2.0 2.0 0.0 0.0 0.0 0.0 0.0 50481.0 48264.0 19142.0 18188.0 18397.0 18161.0 3183.0 1565.0 7240.0 795.0 1000.0 673.0 1.0 
200000.0 2.0 1.0 2.0 0.0 0.0 0.0 0.0 0.0 0.0 199229.0 132458.0 59153.0 0.0 0.0 0.0 6101.0 3500.0 0.0 0.0 0.0 0.0 1.0 
60000.0 1.0 1.0 2.0 0.0 0.0 2.0 0.0 0.0 0.0 58538.0 61359.0 58147.0 59399.0 37746.0 37794.0 6000.0 0.0 2500.0 1316.0 1401.0 3000.0 0.0 
70000.0 1.0 1.0 2.0 1.0 2.0 2.0 0.0 0.0 2.0 65802.0 67369.0 65701.0 66782.0 36137.0 36894.0 3200.0 0.0 3000.0 3000.0 1500.0 0.0 1.0 
160000.0 2.0 1.0 2.0 1.0 2.0 2.0 0.0 0.0 0.0 152699.0 152630.0 95758.0 97251.0 98010.0 99669.0 4462.0 0.0 4385.0 3639.0 3762.0 3800.0 1.0 
160000.0 2.0 1.0 1.0 0.0 0.0 0.0 0.0 0.0 0.0 2980.0 2817.0 0.0 450.0 748.0 5054.0 2817.0 0.0 450.0 748.0 5054.0 4711.0 0.0 
90000.0 2.0 0.0 3.0 0.0 0.0 0.0 0.0 2.0 0.0 11315.0 12340.0 13349.0 14276.0 13904.0 14184.0 1212.0 1221.0 1148.0 0.0 510.0 525.0 0.0 
120000.0 1.0 0.0 1.0 0.0 3.0 2.0 0.0 0.0 0.0 632.0 632.0 316.0 316.0 316.0 316.0 0.0 0.0 316.0 316.0 316.0 316.0 0.0 
200000.0 2.0 1.0 2.0 0.0 0.0 0.0 0.0 0.0 0.0 18568.0 -49.0 980.0 3682.0 3682.0 0.0 0.0 1029.0 3682.0 0.0 0.0 590.0 0.0 
120000.0 1.0 0.0 1.0 0.0 0.0 0.0 0.0 0.0 0.0 326.0 326.0 326.0 326.0 326.0 326.0 326.0 326.0 326.0 326.0 326.0 326.0 0.0 
20000.0 1.0 1.0 2.0 1.0 2.0 0.0 0.0 0.0 0.0 14440.0 13916.0 15376.0 18075.0 18830.0 20423.0 0.0 2000.0 3000.0 1000.0 2000.0 0.0 1.0 
50000.0 2.0 1.0 2.0 0.0 0.0 0.0 0.0 0.0 0.0 48370.0 39618.0 27417.0 25542.0 26160.0 26686.0 1468.0 1400.0 900.0 1000.0 1000.0 600.0 0.0 
90000.0 2.0 1.0 2.0 0.0 0.0 0.0 0.0 0.0 0.0 42105.0 43919.0 46812.0 44976.0 46406.0 47625.0 2500.0 3970.0 2500.0 2500.0 2500.0 1700.0 0.0 
70000.0 1.0 1.0 2.0 0.0 0.0 0.0 0.0 0.0 0.0 5154.0 5835.0 5960.0 11780.0 1360.0 468.0 5860.0 5979.0 11780.0 1360.0 468.0 4615.0 0.0 
200000.0 1.0 1.0 1.0 1.0 0.0 0.0 0.0 0.0 0.0 0.0 2920.0 0.0 0.0 0.0 6753.0 2920.0 0.0 0.0 0.0 6753.0 0.0 1.0 
70000.0 2.0 1.0 1.0 0.0 0.0 0.0 0.0 0.0 0.0 43397.0 44336.0 35757.0 27906.0 25731.0 21430.0 2500.0 21000.0 2000.0 687.0 1500.0 2000.0 0.0 
60000.0 1.0 1.0 2.0 1.0 2.0 2.0 0.0 0.0 2.0 43434.0 44522.0 43222.0 43588.0 46564.0 47369.0 2100.0 0.0 1708.0 4000.0 2000.0 1903.0 1.0 
120000.0 2.0 1.0 2.0 2.0 2.0 2.0 2.0 2.0 2.0 120649.0 123203.0 119820.0 124755.0 99423.0 101718.0 6000.0 0.0 8500.0 0.0 11345.0 3700.0 1.0 
60000.0 2.0 0.0 1.0 0.0 0.0 0.0 0.0 0.0 0.0 62396.0 36034.0 30534.0 28442.0 24544.0 24998.0 1500.0 1500.0 1404.0 1100.0 1000.0 1000.0 0.0 
30000.0 2.0 0.0 1.0 0.0 0.0 0.0 0.0 0.0 0.0 17897.0 18944.0 19698.0 17855.0 13784.0 6616.0 1342.0 1096.0 514.0 1021.0 151.0 1077.0 0.0 
180000.0 1.0 1.0 2.0 2.0 2.0 0.0 0.0 0.0 0.0 21564.0 20939.0 22182.0 12382.0 -18.0 -18.0 0.0 2100.0 200.0 0.0 0.0 0.0 1.0 
100000.0 2.0 1.0 1.0 1.0 0.0 0.0 0.0 0.0 0.0 0.0 851.0 1585.0 -1.0 -1.0 2994.0 851.0 1589.0 0.0 0.0 2995.0 0.0 1.0 
200000.0 2.0 1.0 2.0 0.0 0.0 0.0 0.0 0.0 0.0 7475.0 15540.0 3889.0 10496.0 31948.0 33016.0 15617.0 3927.0 10549.0 32108.0 33181.0 8910.0 0.0 
200000.0 1.0 1.0 2.0 2.0 2.0 2.0 2.0 2.0 2.0 196979.0 200055.0 202494.0 162228.0 154294.0 147514.0 7800.0 7500.0 0.0 6700.0 5000.0 7000.0 1.0 
70000.0 2.0 1.0 2.0 2.0 0.0 0.0 0.0 0.0 0.0 5730.0 7625.0 9484.0 11317.0 13125.0 14742.0 2000.0 2000.0 2000.0 2000.0 2000.0 2000.0 1.0 
50000.0 2.0 1.0 2.0 0.0 0.0 0.0 0.0 0.0 0.0 50380.0 38712.0 0.0 0.0 0.0 0.0 4000.0 0.0 0.0 0.0 0.0 0.0 0.0 
50000.0 1.0 1.0 2.0 0.0 0.0 0.0 0.0 0.0 2.0 44838.0 45894.0 47121.0 45625.0 49367.0 46001.0 1769.0 1996.0 1800.0 4603.0 0.0 1486.0 1.0 
50000.0 2.0 1.0 2.0 0.0 0.0 0.0 0.0 0.0 0.0 0.0 0.0 0.0 0.0 0.0 0.0 0.0 0.0 0.0 0.0 0.0 0.0 0.0 
20000.0 1.0 1.0 2.0 1.0 2.0 2.0 2.0 3.0 2.0 8545.0 10177.0 10467.0 11987.0 11503.0 11175.0 1923.0 600.0 2000.0 0.0 0.0 1000.0 1.0 
80000.0 2.0 1.0 1.0 0.0 0.0 0.0 0.0 0.0 0.0 8574.0 9434.0 10038.0 10040.0 10400.0 10490.0 1203.0 1047.0 248.0 408.0 294.0 276.0 0.0 
30000.0 1.0 1.0 2.0 0.0 0.0 0.0 0.0 0.0 0.0 30465.0 27943.0 14588.0 30158.0 29562.0 29818.0 1630.0 2231.0 16310.0 1051.0 1103.0 1003.0 0.0 
140000.0 2.0 1.0 2.0 0.0 0.0 0.0 0.0 0.0 0.0 7695.0 1680.0 1771.0 5500.0 3615.0 700.0 1680.0 1771.0 5500.0 3615.0 700.0 1404.0 0.0 
70000.0 2.0 1.0 2.0 2.0 2.0 2.0 3.0 2.0 2.0 42583.0 43600.0 47550.0 46487.0 47298.0 46384.0 2000.0 5000.0 0.0 1700.0 0.0 3700.0 1.0 
50000.0 2.0 0.0 2.0 0.0 0.0 0.0 0.0 0.0 2.0 17976.0 18254.0 16428.0 16986.0 18579.0 17317.0 1564.0 1589.0 2000.0 3000.0 0.0 3000.0 0.0 
240000.0 1.0 1.0 1.0 0.0 0.0 0.0 0.0 0.0 0.0 2688.0 2688.0 2688.0 2688.0 2688.0 2688.0 2688.0 2688.0 2688.0 2688.0 2688.0 2688.0 0.0 
30000.0 2.0 0.0 1.0 0.0 0.0 0.0 0.0 0.0 0.0 3489.0 14926.0 9937.0 8027.0 14709.0 7483.0 14969.0 9942.0 10.0 10022.0 384.0 0.0 0.0 
80000.0 2.0 1.0 1.0 2.0 2.0 2.0 2.0 2.0 2.0 27458.0 28522.0 27770.0 29396.0 29974.0 30529.0 1800.0 0.0 2400.0 1200.0 1200.0 1200.0 1.0 
200000.0 1.0 1.0 2.0 0.0 0.0 0.0 0.0 0.0 0.0 1125.0 2182.0 0.0 0.0 0.0 0.0 2182.0 0.0 0.0 0.0 0.0 0.0 0.0 
240000.0 2.0 1.0 2.0 0.0 0.0 0.0 0.0 0.0 0.0 4684.0 18412.0 16580.0 416.0 416.0 416.0 18432.0 1416.0 16580.0 416.0 416.0 416.0 0.0 
200000.0 2.0 1.0 1.0 0.0 0.0 0.0 0.0 0.0 0.0 26814.0 367.0 0.0 0.0 561.0 3854.0 368.0 0.0 0.0 561.0 3878.0 3.0 0.0 
140000.0 2.0 0.0 1.0 0.0 0.0 0.0 0.0 0.0 0.0 4637.0 4619.0 5538.0 2770.0 390.0 390.0 1141.0 1450.0 1000.0 390.0 390.0 390.0 0.0 
80000.0 2.0 1.0 1.0 1.0 2.0 2.0 2.0 2.0 2.0 30997.0 32043.0 31250.0 34109.0 34802.0 34108.0 1852.0 0.0 3711.0 1550.0 0.0 1400.0 1.0 
30000.0 1.0 1.0 1.0 1.0 2.0 2.0 0.0 0.0 0.0 16063.0 17512.0 16800.0 16600.0 11959.0 12957.0 2000.0 0.0 0.0 11959.0 1200.0 0.0 1.0 
200000.0 2.0 1.0 2.0 0.0 0.0 0.0 0.0 0.0 0.0 65489.0 41413.0 40400.0 25570.0 10060.0 8619.0 4013.0 2684.0 5625.0 1020.0 3044.0 39777.0 0.0 
170000.0 2.0 1.0 2.0 2.0 0.0 0.0 0.0 0.0 0.0 173577.0 171480.0 171794.0 166637.0 169021.0 164531.0 6500.0 7100.0 6100.0 6000.0 5600.0 7700.0 1.0 
140000.0 1.0 1.0 1.0 1.0 2.0 2.0 2.0 2.0 2.0 73302.0 74539.0 75724.0 73909.0 78305.0 76888.0 3000.0 3000.0 0.0 5763.0 0.0 6100.0 1.0 
70000.0 1.0 0.0 1.0 0.0 0.0 0.0 0.0 2.0 2.0 24345.0 25349.0 26694.0 28935.0 28174.0 30061.0 1414.0 1759.0 3000.0 0.0 2500.0 0.0 0.0 
120000.0 1.0 1.0 2.0 0.0 0.0 0.0 0.0 0.0 0.0 19544.0 24230.0 28022.0 29249.0 29926.0 35357.0 5000.0 4200.0 2000.0 1300.0 6000.0 6000.0 0.0 
150000.0 2.0 1.0 2.0 2.0 2.0 0.0 0.0 0.0 0.0 55337.0 53851.0 53710.0 48797.0 49928.0 51106.0 0.0 2503.0 2000.0 1804.0 2000.0 2000.0 1.0 
50000.0 1.0 1.0 2.0 0.0 0.0 0.0 0.0 0.0 0.0 47364.0 48355.0 49715.0 49736.0 17599.0 16753.0 1780.0 2140.0 1161.0 510.0 503.0 500.0 0.0 
10000.0 1.0 1.0 1.0 0.0 2.0 0.0 0.0 2.0 2.0 9860.0 9169.0 9055.0 9908.0 9611.0 10059.0 0.0 1200.0 1000.0 0.0 1000.0 0.0 1.0 
180000.0 1.0 1.0 2.0 0.0 0.0 0.0 0.0 0.0 0.0 1071.0 1671.0 1981.0 4241.0 4542.0 5261.0 1671.0 1981.0 4241.0 4542.0 5261.0 4731.0 1.0 
400000.0 1.0 1.0 1.0 0.0 0.0 0.0 0.0 0.0 0.0 279579.0 258070.0 77910.0 61440.0 44590.0 12270.0 10700.0 47000.0 1500.0 0.0 0.0 0.0 0.0 
240000.0 1.0 1.0 1.0 0.0 0.0 0.0 2.0 0.0 0.0 14332.0 16135.0 249258.0 243589.0 204754.0 201426.0 2000.0 234000.0 30.0 7046.0 7023.0 10005.0 0.0 
120000.0 1.0 0.0 2.0 0.0 0.0 0.0 0.0 0.0 0.0 2284.0 2007.0 1371.0 4639.0 360.0 2650.0 2007.0 1371.0 4639.0 360.0 2650.0 1947.0 0.0 
30000.0 2.0 0.0 1.0 1.0 2.0 2.0 2.0 0.0 0.0 39995.0 38049.0 35435.0 31976.0 29704.0 27687.0 1700.0 1100.0 0.0 1030.0 1000.0 3330.0 1.0 
20000.0 1.0 1.0 1.0 2.0 2.0 2.0 0.0 0.0 0.0 9735.0 12564.0 12077.0 12779.0 13033.0 13308.0 3000.0 0.0 1212.0 466.0 485.0 900.0 1.0 
280000.0 2.0 1.0 1.0 0.0 0.0 0.0 0.0 0.0 0.0 256455.0 245712.0 231025.0 182159.0 80747.0 51689.0 8354.0 5501.0 4293.0 2079.0 1892.0 20012.0 0.0 
60000.0 2.0 1.0 1.0 0.0 2.0 2.0 2.0 2.0 0.0 2084.0 145.0 145.0 145.0 145.0 1195.0 0.0 0.0 0.0 0.0 1200.0 0.0 0.0 
50000.0 2.0 1.0 2.0 0.0 0.0 0.0 0.0 0.0 0.0 48072.0 49518.0 49500.0 19600.0 20000.0 0.0 2518.0 1500.0 500.0 400.0 0.0 0.0 0.0 
30000.0 1.0 1.0 1.0 1.0 2.0 0.0 0.0 0.0 0.0 30559.0 26457.0 27469.0 28013.0 28614.0 29636.0 129.0 1456.0 1000.0 1050.0 1500.0 1505.0 1.0 
40000.0 2.0 1.0 1.0 2.0 2.0 2.0 2.0 2.0 0.0 28953.0 35389.0 34205.0 39361.0 35125.0 35890.0 6918.0 0.0 6000.0 0.0 2000.0 5000.0 1.0 
230000.0 2.0 1.0 1.0 0.0 0.0 0.0 0.0 2.0 0.0 87764.0 73526.0 72376.0 76870.0 75211.0 76645.0 2630.0 2614.0 6000.0 0.0 3000.0 2800.0 0.0 
180000.0 2.0 0.0 1.0 0.0 0.0 0.0 0.0 0.0 0.0 162567.0 163900.0 145992.0 124841.0 125596.0 113105.0 5821.0 5000.0 5935.0 4263.0 4200.0 4283.0 0.0 
60000.0 2.0 1.0 2.0 0.0 0.0 0.0 0.0 0.0 0.0 61015.0 58160.0 51237.0 29999.0 28972.0 29444.0 3016.0 5011.0 1005.0 1000.0 14000.0 3104.0 0.0 
400000.0 2.0 1.0 2.0 0.0 0.0 0.0 0.0 0.0 0.0 14013.0 5422.0 15941.0 5776.0 5448.0 15435.0 5460.0 16020.0 5805.0 5475.0 5634.0 6182.0 0.0 
30000.0 1.0 1.0 2.0 0.0 0.0 0.0 0.0 0.0 0.0 29574.0 26663.0 27731.0 56359.0 28847.0 13030.0 28000.0 2336.0 2000.0 2546.0 1000.0 0.0 0.0 
50000.0 2.0 1.0 2.0 2.0 0.0 0.0 2.0 2.0 2.0 28133.0 29461.0 32067.0 31252.0 32633.0 33965.0 1800.0 3400.0 0.0 1900.0 2000.0 0.0 1.0 
90000.0 2.0 1.0 1.0 0.0 0.0 0.0 2.0 0.0 0.0 27180.0 26772.0 70398.0 56266.0 47804.0 44230.0 1405.0 56388.0 112.0 1779.0 1786.0 5414.0 1.0 
70000.0 1.0 1.0 2.0 0.0 0.0 0.0 0.0 0.0 0.0 66982.0 68817.0 60607.0 28622.0 24485.0 18419.0 3036.0 2264.0 858.0 797.0 814.0 2003.0 0.0 
20000.0 2.0 0.0 1.0 1.0 2.0 2.0 0.0 0.0 0.0 14428.0 14310.0 0.0 0.0 0.0 0.0 480.0 0.0 0.0 0.0 0.0 0.0 1.0 
30000.0 2.0 1.0 2.0 0.0 0.0 0.0 0.0 0.0 0.0 26957.0 26269.0 17036.0 27497.0 16098.0 7300.0 1333.0 2256.0 27497.0 787.0 200.0 0.0 0.0 
50000.0 2.0 1.0 2.0 1.0 2.0 2.0 2.0 2.0 2.0 51943.0 50800.0 51967.0 50794.0 51911.0 50976.0 0.0 4156.0 0.0 4100.0 0.0 2000.0 1.0 
30000.0 2.0 1.0 2.0 1.0 0.0 0.0 0.0 0.0 0.0 4000.0 5645.0 3508.0 -27.0 13744.0 5906.0 5645.0 3508.0 27.0 13771.0 5911.0 3024.0 1.0 
140000.0 2.0 1.0 2.0 1.0 0.0 0.0 0.0 2.0 0.0 0.0 0.0 167.0 80644.0 146651.0 55776.0 0.0 167.0 80677.0 0.0 2500.0 28.0 1.0 
240000.0 2.0 1.0 2.0 0.0 0.0 0.0 0.0 0.0 0.0 35380.0 64013.0 51380.0 25438.0 19376.0 12889.0 64013.0 1651.0 1705.0 564.0 2093.0 144734.0 0.0 
70000.0 2.0 1.0 1.0 0.0 0.0 0.0 0.0 0.0 0.0 71037.0 71880.0 71927.0 71370.0 71003.0 71411.0 3352.0 3400.0 2900.0 2900.0 2900.0 2558.0 0.0 
30000.0 2.0 0.0 2.0 0.0 0.0 0.0 0.0 0.0 0.0 12001.0 12450.0 12040.0 12739.0 7610.0 7000.0 1485.0 1301.0 1000.0 152.0 140.0 780.0 0.0 
140000.0 2.0 1.0 1.0 0.0 0.0 0.0 0.0 0.0 0.0 128720.0 129996.0 132004.0 127275.0 48724.0 48875.0 6450.0 7000.0 5000.0 2000.0 2000.0 2000.0 0.0 
50000.0 2.0 1.0 2.0 0.0 0.0 0.0 0.0 0.0 0.0 50062.0 34819.0 48909.0 15033.0 3198.0 0.0 2000.0 15412.0 870.0 3198.0 0.0 0.0 0.0 
140000.0 2.0 1.0 1.0 0.0 0.0 0.0 0.0 0.0 0.0 0.0 0.0 0.0 0.0 0.0 0.0 0.0 0.0 0.0 0.0 0.0 0.0 0.0 
220000.0 2.0 1.0 2.0 0.0 0.0 0.0 0.0 2.0 0.0 637.0 0.0 0.0 300.0 300.0 728.0 0.0 0.0 365.0 0.0 578.0 198.0 0.0 
60000.0 2.0 1.0 1.0 0.0 0.0 0.0 0.0 0.0 0.0 631.0 2790.0 1758.0 416.0 416.0 3640.0 2790.0 1758.0 416.0 416.0 3640.0 730.0 0.0 
60000.0 2.0 1.0 1.0 1.0 2.0 2.0 2.0 2.0 3.0 5601.0 5366.0 6772.0 6515.0 7906.0 7487.0 0.0 1500.0 0.0 1500.0 0.0 0.0 1.0 
130000.0 2.0 1.0 2.0 0.0 0.0 0.0 0.0 0.0 0.0 7852.0 8871.0 9883.0 10079.0 10289.0 10495.0 1152.0 1164.0 360.0 372.0 376.0 540.0 0.0 
240000.0 2.0 1.0 2.0 0.0 0.0 0.0 0.0 0.0 0.0 133230.0 136579.0 139281.0 132487.0 107437.0 109237.0 5500.0 5036.0 4000.0 6200.0 5500.0 5000.0 0.0 
170000.0 1.0 1.0 1.0 0.0 0.0 0.0 0.0 0.0 0.0 170359.0 178514.0 98196.0 100108.0 95629.0 89472.0 11700.0 3600.0 3500.0 3500.0 3300.0 3500.0 0.0 
80000.0 2.0 1.0 2.0 0.0 0.0 0.0 0.0 0.0 0.0 666.0 666.0 1332.0 666.0 666.0 416.0 666.0 1332.0 0.0 666.0 416.0 416.0 1.0 
50000.0 2.0 0.0 1.0 0.0 0.0 0.0 0.0 0.0 0.0 752.0 300.0 5880.0 0.0 0.0 0.0 300.0 5880.0 0.0 0.0 0.0 0.0 0.0 
300000.0 2.0 1.0 1.0 0.0 0.0 0.0 0.0 0.0 0.0 0.0 0.0 0.0 0.0 0.0 0.0 0.0 0.0 0.0 0.0 0.0 0.0 0.0 
200000.0 2.0 1.0 2.0 0.0 0.0 0.0 0.0 0.0 0.0 1570.0 0.0 0.0 0.0 0.0 0.0 0.0 0.0 0.0 0.0 0.0 0.0 0.0 
60000.0 2.0 1.0 2.0 0.0 0.0 0.0 2.0 2.0 2.0 24066.0 24786.0 27050.0 26317.0 28200.0 28762.0 1414.0 2678.0 0.0 2310.0 1173.0 0.0 0.0 
150000.0 1.0 1.0 2.0 1.0 2.0 2.0 2.0 0.0 0.0 88590.0 85800.0 91242.0 88399.0 89629.0 94637.0 0.0 7400.0 0.0 3300.0 7000.0 0.0 1.0 
50000.0 2.0 1.0 2.0 1.0 0.0 2.0 0.0 0.0 0.0 -69.0 7721.0 3079.0 7095.0 7237.0 6446.0 7790.0 0.0 4095.0 245.0 234.0 266.0 1.0 
470000.0 1.0 1.0 1.0 0.0 0.0 0.0 0.0 0.0 0.0 170812.0 172332.0 177566.0 182074.0 183417.0 185608.0 6500.0 8000.0 9000.0 7000.0 8000.0 8000.0 1.0 
80000.0 1.0 1.0 2.0 0.0 0.0 0.0 0.0 0.0 0.0 49740.0 48501.0 48117.0 48502.0 48610.0 49650.0 2000.0 2000.0 2000.0 1800.0 1800.0 2000.0 0.0 
200000.0 1.0 1.0 1.0 1.0 0.0 0.0 0.0 0.0 0.0 0.0 0.0 0.0 41673.0 42312.0 36171.0 0.0 0.0 41673.0 1206.0 1444.0 618.0 1.0 
240000.0 2.0 1.0 2.0 0.0 0.0 0.0 0.0 0.0 0.0 238107.0 242159.0 225695.0 210199.0 208307.0 203779.0 12067.0 10009.0 10000.0 10000.0 10000.0 30296.0 0.0 
400000.0 2.0 1.0 2.0 0.0 0.0 0.0 0.0 0.0 0.0 48938.0 27703.0 43775.0 10644.0 42195.0 12246.0 27703.0 43947.0 10183.0 42195.0 12246.0 13663.0 0.0 
240000.0 2.0 1.0 1.0 0.0 0.0 0.0 0.0 0.0 0.0 236823.0 241067.0 240998.0 244836.0 233036.0 237938.0 10279.0 10500.0 10581.0 8000.0 8500.0 9400.0 0.0 
200000.0 1.0 0.0 2.0 0.0 0.0 0.0 0.0 0.0 0.0 2753.0 4520.0 7151.0 9641.0 14927.0 17345.0 3006.0 5019.0 5013.0 10007.0 5006.0 10003.0 0.0 
70000.0 2.0 1.0 2.0 0.0 0.0 0.0 0.0 0.0 0.0 18193.0 19241.0 19346.0 15754.0 15855.0 15011.0 1352.0 1237.0 545.0 726.0 353.0 99.0 0.0 
30000.0 2.0 1.0 2.0 2.0 2.0 2.0 0.0 0.0 0.0 25267.0 26353.0 25650.0 26416.0 27178.0 28332.0 1800.0 0.0 1500.0 1200.0 1750.0 1300.0 1.0 
30000.0 2.0 1.0 2.0 0.0 0.0 2.0 2.0 2.0 2.0 142.0 215.0 139.0 19.0 19.0 79.0 355.0 120.0 0.0 0.0 60.0 60.0 0.0 
60000.0 1.0 1.0 2.0 0.0 0.0 0.0 0.0 0.0 0.0 57937.0 49740.0 51400.0 0.0 0.0 0.0 3000.0 3000.0 0.0 0.0 0.0 0.0 0.0 
50000.0 2.0 1.0 2.0 0.0 0.0 0.0 0.0 0.0 0.0 0.0 2070.0 0.0 0.0 0.0 0.0 2070.0 0.0 0.0 0.0 0.0 0.0 0.0 
60000.0 1.0 1.0 2.0 0.0 0.0 2.0 0.0 0.0 0.0 57480.0 60491.0 57187.0 57619.0 57033.0 58493.0 4207.0 1000.0 1690.0 1473.0 2354.0 2009.0 0.0 
70000.0 2.0 1.0 2.0 1.0 2.0 2.0 2.0 0.0 0.0 24208.0 25015.0 27189.0 26456.0 28361.0 31873.0 1500.0 2900.0 0.0 2500.0 4000.0 0.0 0.0 
200000.0 2.0 1.0 2.0 0.0 0.0 0.0 0.0 0.0 0.0 1028.0 1025.0 1613.0 2193.0 2698.0 3812.0 1030.0 1621.0 2213.0 2711.0 3831.0 2213.0 0.0 
120000.0 2.0 1.0 2.0 0.0 0.0 0.0 0.0 0.0 0.0 100904.0 91354.0 160932.0 54967.0 42017.0 30455.0 6629.0 3117.0 1551.0 2000.0 1273.0 2000.0 0.0 
150000.0 2.0 0.0 1.0 0.0 0.0 0.0 0.0 0.0 0.0 18308.0 19973.0 21000.0 22013.0 22449.0 22922.0 1973.0 1353.0 1366.0 802.0 833.0 837.0 0.0 
180000.0 1.0 1.0 1.0 0.0 0.0 0.0 0.0 0.0 0.0 1100.0 860.0 1480.0 380.0 740.0 1100.0 860.0 1000.0 0.0 740.0 1100.0 380.0 0.0 
100000.0 1.0 1.0 1.0 2.0 0.0 0.0 0.0 0.0 0.0 85806.0 85195.0 85464.0 86921.0 88524.0 91241.0 3100.0 4000.0 4000.0 3500.0 5000.0 10000.0 1.0 
120000.0 1.0 1.0 1.0 0.0 0.0 2.0 0.0 0.0 0.0 125702.0 130461.0 131281.0 128594.0 117561.0 116732.0 8300.0 4500.0 4260.0 4595.0 4311.0 4280.0 0.0 
50000.0 2.0 0.0 1.0 0.0 0.0 0.0 0.0 0.0 0.0 47822.0 36488.0 36811.0 13234.0 11543.0 10751.0 2009.0 2000.0 556.0 378.0 619.0 5000.0 0.0 
40000.0 1.0 1.0 2.0 2.0 2.0 3.0 2.0 2.0 2.0 52358.0 54892.0 53415.0 51259.0 47151.0 46934.0 4000.0 0.0 2000.0 0.0 3520.0 0.0 1.0 
30000.0 2.0 1.0 1.0 0.0 0.0 0.0 0.0 0.0 0.0 16534.0 17213.0 17723.0 17431.0 17882.0 17694.0 2002.0 1553.0 1002.0 2002.0 1000.0 542.0 0.0 
230000.0 2.0 1.0 1.0 2.0 2.0 2.0 2.0 0.0 0.0 1214.0 964.0 1214.0 464.0 214.0 -536.0 500.0 1000.0 0.0 500.0 0.0 0.0 1.0 
280000.0 2.0 1.0 2.0 0.0 0.0 0.0 0.0 0.0 0.0 768.0 786.0 1379.0 1885.0 143.0 1250.0 788.0 1383.0 1890.0 143.0 1253.0 316.0 0.0 
30000.0 2.0 1.0 2.0 1.0 2.0 0.0 0.0 0.0 0.0 31089.0 10989.0 11997.0 12397.0 13043.0 13325.0 0.0 1200.0 600.0 1000.0 650.0 650.0 1.0 
50000.0 2.0 0.0 1.0 0.0 2.0 0.0 0.0 0.0 0.0 6064.0 5432.0 6090.0 6626.0 6513.0 6097.0 0.0 1136.0 1062.0 339.0 187.0 364.0 1.0 
180000.0 2.0 1.0 1.0 0.0 0.0 0.0 0.0 0.0 0.0 14704.0 14417.0 13387.0 9537.0 38456.0 35947.0 1244.0 1064.0 278.0 31369.0 1268.0 1118.0 1.0 
50000.0 2.0 0.0 2.0 0.0 0.0 0.0 0.0 0.0 0.0 1500.0 2000.0 1382.0 -118.0 13656.0 13927.0 2000.0 1382.0 0.0 13925.0 498.0 516.0 0.0 
120000.0 1.0 0.0 2.0 1.0 0.0 0.0 0.0 0.0 0.0 -94.0 -2090.0 -2390.0 -2390.0 -2390.0 -2390.0 3.0 0.0 0.0 0.0 0.0 0.0 1.0 
200000.0 1.0 0.0 2.0 0.0 0.0 0.0 0.0 0.0 0.0 396.0 396.0 396.0 396.0 396.0 396.0 396.0 396.0 396.0 396.0 396.0 396.0 0.0 
30000.0 1.0 0.0 2.0 0.0 0.0 0.0 0.0 0.0 0.0 14095.0 15117.0 16130.0 16462.0 16808.0 17140.0 1255.0 1268.0 600.0 611.0 612.0 1000.0 0.0 
20000.0 2.0 1.0 1.0 2.0 0.0 0.0 0.0 2.0 0.0 16219.0 17626.0 18398.0 19052.0 15429.0 9199.0 1674.0 1446.0 1100.0 0.0 379.0 1085.0 1.0 
280000.0 1.0 1.0 2.0 1.0 0.0 0.0 0.0 0.0 0.0 0.0 3495.0 2783.0 2001.0 -339.0 -1180.0 3495.0 2783.0 0.0 0.0 0.0 0.0 1.0 
100000.0 1.0 1.0 2.0 1.0 3.0 3.0 2.0 2.0 2.0 99679.0 101249.0 98768.0 96287.0 102069.0 81931.0 4000.0 0.0 0.0 7629.0 0.0 18895.0 1.0 
320000.0 2.0 1.0 2.0 0.0 0.0 0.0 0.0 0.0 0.0 1663.0 7025.0 1189.0 0.0 2701.0 2043.0 7025.0 1189.0 0.0 2701.0 2043.0 0.0 0.0 
330000.0 2.0 1.0 2.0 0.0 0.0 0.0 0.0 0.0 0.0 13204.0 12500.0 865.0 15387.0 5945.0 896.0 12500.0 865.0 15500.0 6000.0 896.0 0.0 0.0 
30000.0 2.0 1.0 2.0 0.0 0.0 2.0 2.0 2.0 0.0 24238.0 26996.0 26269.0 27734.0 27151.0 28199.0 3462.0 0.0 2200.0 0.0 1500.0 1500.0 0.0 
150000.0 2.0 0.0 1.0 0.0 0.0 0.0 0.0 0.0 0.0 89604.0 97129.0 98795.0 98925.0 100017.0 99607.0 10000.0 4275.0 3550.0 3750.0 3600.0 3100.0 1.0 
200000.0 1.0 1.0 2.0 0.0 0.0 0.0 2.0 2.0 2.0 137218.0 141808.0 151020.0 152040.0 164405.0 161525.0 6808.0 11620.0 5000.0 15000.0 0.0 4089.0 0.0 
130000.0 2.0 1.0 1.0 0.0 0.0 0.0 0.0 0.0 0.0 5190.0 649.0 0.0 0.0 0.0 0.0 649.0 0.0 0.0 0.0 0.0 0.0 1.0 
110000.0 2.0 1.0 2.0 0.0 0.0 2.0 2.0 2.0 2.0 18817.0 21068.0 16412.0 16809.0 8682.0 8861.0 2600.0 1102.0 1000.0 0.0 602.0 0.0 1.0 
120000.0 1.0 1.0 1.0 0.0 0.0 0.0 0.0 0.0 0.0 3972.0 2809.0 1021.0 2311.0 3868.0 2980.0 2816.0 1021.0 2321.0 3868.0 2980.0 0.0 0.0 
60000.0 1.0 1.0 2.0 2.0 0.0 0.0 2.0 0.0 0.0 58598.0 56486.0 60877.0 56138.0 56806.0 57935.0 2632.0 5924.0 0.0 2200.0 2200.0 2290.0 1.0 
160000.0 1.0 1.0 2.0 2.0 2.0 2.0 2.0 0.0 0.0 63043.0 67460.0 68554.0 66841.0 74763.0 87692.0 6079.0 3064.0 0.0 10000.0 15000.0 0.0 1.0 
70000.0 1.0 1.0 2.0 0.0 0.0 0.0 0.0 0.0 0.0 4638.0 323.0 0.0 0.0 0.0 0.0 323.0 0.0 0.0 0.0 0.0 0.0 0.0 
50000.0 2.0 0.0 2.0 2.0 0.0 0.0 0.0 0.0 0.0 13741.0 14750.0 15774.0 17087.0 17119.0 17602.0 1243.0 1267.0 1580.0 612.0 758.0 700.0 1.0 
10000.0 1.0 1.0 2.0 0.0 0.0 0.0 0.0 0.0 0.0 219.0 9110.0 9797.0 -10433.0 9767.0 9067.0 10400.0 1000.0 0.0 20200.0 200.0 0.0 1.0 
240000.0 1.0 1.0 2.0 0.0 0.0 0.0 0.0 0.0 0.0 390.0 0.0 390.0 780.0 0.0 0.0 0.0 780.0 780.0 0.0 0.0 0.0 0.0 
50000.0 2.0 1.0 2.0 0.0 0.0 0.0 0.0 0.0 0.0 38153.0 34476.0 25857.0 26621.0 27178.0 28038.0 1700.0 2000.0 1500.0 1000.0 1300.0 1300.0 0.0 
50000.0 1.0 1.0 2.0 0.0 0.0 0.0 0.0 0.0 0.0 35277.0 34627.0 35096.0 9657.0 9617.0 9404.0 1800.0 1600.0 500.0 500.0 341.0 500.0 0.0 
50000.0 2.0 1.0 2.0 0.0 0.0 0.0 0.0 0.0 0.0 1354.0 1050.0 -1.0 7999.0 -66.0 6784.0 1054.0 0.0 8000.0 0.0 6850.0 11000.0 0.0 
70000.0 1.0 1.0 1.0 0.0 0.0 0.0 0.0 2.0 0.0 27202.0 29424.0 31941.0 35087.0 34226.0 35514.0 3000.0 3000.0 4000.0 0.0 2000.0 8200.0 0.0 
190000.0 1.0 1.0 1.0 2.0 0.0 0.0 0.0 0.0 2.0 2461.0 8040.0 9640.0 0.0 5100.0 2350.0 8040.0 2000.0 0.0 5100.0 0.0 2792.0 1.0 
200000.0 1.0 1.0 2.0 0.0 0.0 0.0 0.0 0.0 0.0 9747.0 17230.0 198.0 875.0 1977.0 2052.0 10051.0 198.0 877.0 1982.0 2058.0 2939.0 0.0 
10000.0 2.0 0.0 2.0 1.0 2.0 0.0 2.0 0.0 0.0 4474.0 189.0 3510.0 3306.0 3551.0 5577.0 0.0 3510.0 0.0 300.0 2260.0 2000.0 1.0 
200000.0 2.0 1.0 2.0 0.0 0.0 0.0 0.0 0.0 0.0 58147.0 1468.0 2321.0 327194.0 6680.0 3963.0 1468.0 2321.0 163597.0 6680.0 3963.0 2514.0 0.0 
40000.0 1.0 1.0 2.0 2.0 0.0 0.0 0.0 0.0 2.0 1892.0 1889.0 1716.0 41710.0 42219.0 39774.0 1889.0 1716.0 41710.0 2800.0 0.0 1500.0 1.0 
340000.0 2.0 1.0 2.0 5.0 4.0 4.0 3.0 2.0 0.0 589654.0 581775.0 572677.0 384060.0 304508.0 247178.0 3000.0 0.0 0.0 1000.0 4320.0 287982.0 1.0 
50000.0 2.0 1.0 2.0 0.0 0.0 0.0 0.0 0.0 0.0 40760.0 39660.0 23203.0 18983.0 13466.0 18878.0 1500.0 1500.0 1100.0 1466.0 5556.0 598.0 0.0 
240000.0 2.0 0.0 2.0 0.0 0.0 0.0 0.0 0.0 0.0 198768.0 2986.0 191142.0 98080.0 19380.0 100000.0 2986.0 191142.0 98080.0 79380.0 100000.0 50254.0 0.0 
400000.0 2.0 1.0 1.0 4.0 3.0 2.0 0.0 0.0 0.0 278863.0 275153.0 269528.0 269278.0 269278.0 1976.0 0.0 0.0 150.0 0.0 3355.0 5688.0 1.0 
140000.0 1.0 1.0 2.0 0.0 0.0 0.0 0.0 0.0 0.0 137708.0 140804.0 137635.0 97928.0 99634.0 101020.0 5730.0 5200.0 3100.0 3200.0 3400.0 3300.0 0.0 
200000.0 1.0 1.0 1.0 0.0 0.0 0.0 0.0 0.0 0.0 5023.0 618.0 605.0 3098.0 805.0 2154.0 621.0 608.0 3114.0 1003.0 2164.0 1210.0 0.0 
50000.0 2.0 1.0 2.0 0.0 0.0 0.0 0.0 0.0 0.0 4950.0 5924.0 4766.0 5652.0 5772.0 4392.0 1068.0 1114.0 1000.0 120.0 0.0 0.0 0.0 
170000.0 2.0 1.0 2.0 0.0 0.0 0.0 0.0 0.0 0.0 326.0 326.0 326.0 326.0 476.0 476.0 326.0 326.0 326.0 476.0 476.0 326.0 1.0 
30000.0 2.0 0.0 1.0 0.0 0.0 0.0 0.0 0.0 0.0 347.0 1353.0 78.0 135.0 68.0 193.0 1353.0 78.0 135.0 68.0 423.0 140.0 0.0 
30000.0 2.0 1.0 1.0 0.0 0.0 0.0 0.0 0.0 0.0 25078.0 25538.0 25880.0 25873.0 26157.0 26918.0 1500.0 1387.0 893.0 1000.0 1501.0 2000.0 0.0 
50000.0 1.0 0.0 1.0 5.0 4.0 3.0 2.0 0.0 0.0 54090.0 52955.0 51847.0 50307.0 27707.0 28479.0 0.0 0.0 0.0 0.0 974.0 31100.0 1.0 
70000.0 2.0 1.0 2.0 0.0 0.0 0.0 0.0 0.0 0.0 57867.0 53214.0 54571.0 42413.0 42946.0 43843.0 1920.0 2230.0 2004.0 1537.0 1589.0 1598.0 0.0 
70000.0 1.0 0.0 3.0 3.0 2.0 2.0 0.0 0.0 0.0 8909.0 9812.0 9511.0 10828.0 11346.0 11589.0 1200.0 0.0 1482.0 1000.0 426.0 1000.0 0.0 
70000.0 2.0 1.0 2.0 1.0 2.0 0.0 0.0 2.0 0.0 71017.0 64454.0 64182.0 30351.0 29826.0 29699.0 0.0 1809.0 2500.0 0.0 2000.0 1500.0 0.0 
30000.0 1.0 1.0 2.0 1.0 0.0 0.0 0.0 0.0 0.0 0.0 0.0 0.0 0.0 2805.0 0.0 0.0 0.0 0.0 2805.0 0.0 0.0 1.0 
400000.0 1.0 1.0 1.0 0.0 0.0 0.0 0.0 0.0 0.0 12820.0 15463.0 50040.0 22072.0 6712.0 5286.0 5427.0 37505.0 10077.0 233.0 5312.0 6991.0 0.0 
30000.0 2.0 1.0 2.0 0.0 0.0 0.0 0.0 0.0 0.0 1512.0 2458.0 664.0 1814.0 0.0 0.0 1000.0 664.0 1500.0 0.0 0.0 0.0 0.0 
270000.0 1.0 1.0 1.0 2.0 0.0 0.0 0.0 0.0 0.0 275572.0 277585.0 232661.0 150298.0 134808.0 129645.0 10332.0 10000.0 18021.0 8026.0 6011.0 5000.0 1.0 
